COMMAND LINE: [-Djava.library.path=/home/y/lib64, -XX:+UseConcMarkSweepGC, -Xmx8G]
Conf: {}

           Test Name	  Num	     Iterations	          Time ns	       Throughput	  GC	GC ms	  USR ms	  SYS ms	JIT ms	    min latency	   latency 50th	   latency 90th	   latency 99th	    max latency
             Q_WC_04	    1	      1,000,000	   16,149,740,074	           61,921	   7	   13	  27,990	  19,310	   976	          1,809	         18,107	         29,575	         42,927	      3,201,537

             Q_WC_04	    2	      1,000,000	   11,039,146,120	           90,587	   7	   13	  23,210	  11,970	   470	          1,608	         13,144	         19,524	         28,506	      1,791,669

             Q_WC_04	    3	      1,000,000	   11,151,941,825	           89,670	   7	   10	  22,740	  12,160	    64	          1,633	         13,099	         22,269	         34,103	      1,941,916

             Q_WC_04	    4	      1,000,000	   14,071,941,159	           71,063	   7	   10	  26,140	  16,160	    74	          1,679	         17,497	         26,388	         35,633	      1,857,925

             Q_WC_04	    5	      1,000,000	   12,939,930,507	           77,280	   7	   10	  26,760	  13,130	     0	          1,811	         15,547	         22,237	         30,092	      2,274,372

             Q_WC_04	    6	      1,000,000	   15,115,126,981	           66,159	   7	    9	  28,900	  15,980	     0	          2,052	         18,144	         24,760	         33,663	      2,225,600

             Q_WC_04	    7	      1,000,000	   16,406,657,031	           60,951	   7	    9	  27,610	  19,790	     0	          1,641	         19,802	         27,812	         36,414	      2,299,059

             Q_WC_04	    8	      1,000,000	   15,238,632,811	           65,623	   7	   10	  26,080	  18,740	     0	          1,893	         18,439	         25,682	         34,469	      2,173,185

             Q_WC_04	    9	      1,000,000	   16,013,633,185	           62,447	   7	   10	  25,990	  20,430	     0	          2,395	         18,747	         27,935	         37,960	      2,265,438

             Q_WC_04	   10	      1,000,000	   12,774,333,209	           78,282	   7	    9	  24,490	  14,440	    72	          1,820	         14,924	         22,032	         29,079	      1,929,399

COMMAND LINE: [-Djava.library.path=/home/y/lib64, -XX:+UseConcMarkSweepGC, -Xmx8G]
Conf: {Q.type=disruptor-latest}

           Test Name	  Num	     Iterations	          Time ns	       Throughput	  GC	GC ms	  USR ms	  SYS ms	JIT ms	    min latency	   latency 50th	   latency 90th	   latency 99th	    max latency
             Q_WC_04	    1	      1,000,000	   12,799,293,225	           78,129	   7	   11	  26,450	  13,750	   899	          1,584	         15,423	         24,515	         45,153	      3,889,975

             Q_WC_04	    2	      1,000,000	   14,948,125,498	           66,898	   7	   12	  29,290	  15,890	   497	          1,494	         17,879	         27,746	         40,128	      2,544,675

             Q_WC_04	    3	      1,000,000	   13,803,412,797	           72,446	   7	   10	  25,560	  15,380	    62	          1,641	         16,081	         23,073	         30,370	      1,911,377

             Q_WC_04	    4	      1,000,000	   12,127,821,445	           82,455	   7	   12	  24,440	  12,920	    57	          1,623	         14,971	         21,233	         28,779	      2,264,875

             Q_WC_04	    5	      1,000,000	   15,196,994,529	           65,802	   7	   10	  27,390	  17,630	    53	          1,800	         18,913	         26,302	         34,772	      2,027,507

             Q_WC_04	    6	      1,000,000	   13,088,702,604	           76,402	   7	   11	  26,380	  13,260	     0	          1,528	         15,156	         23,176	         34,596	      2,305,562

             Q_WC_04	    7	      1,000,000	   16,607,292,562	           60,215	   7	   11	  29,410	  19,100	     0	          1,383	         21,046	         27,171	         34,149	      2,308,530

             Q_WC_04	    8	      1,000,000	   13,374,633,002	           74,768	   7	    9	  25,230	  16,370	     0	          1,830	         16,461	         23,046	         29,610	      2,117,552

             Q_WC_04	    9	      1,000,000	   14,107,154,300	           70,886	   7	   10	  26,710	  15,520	   137	          2,051	         17,024	         23,612	         35,428	      1,793,858

             Q_WC_04	   10	      1,000,000	   13,759,440,650	           72,677	   7	    9	  27,820	  14,040	     0	          2,451	         17,028	         22,899	         34,066	      1,992,587

COMMAND LINE: [-Djava.library.path=/home/y/lib64, -XX:+UseConcMarkSweepGC, -Xmx8G]
Conf: {Q.type=disruptor-latest, Q.disruptor.timeout=0}

           Test Name	  Num	     Iterations	          Time ns	       Throughput	  GC	GC ms	  USR ms	  SYS ms	JIT ms	    min latency	   latency 50th	   latency 90th	   latency 99th	    max latency
             Q_WC_04	    1	      1,000,000	   17,499,266,906	           57,145	   7	   12	  31,350	  17,350	   823	          2,421	         20,817	         30,317	         54,017	      2,279,789

             Q_WC_04	    2	      1,000,000	   14,897,977,617	           67,123	   7	   10	  27,670	  15,580	   672	          1,889	         18,512	         25,495	         47,390	     10,652,721

             Q_WC_04	    3	      1,000,000	   14,501,806,324	           68,957	   7	   11	  24,710	  16,330	    69	          1,679	         17,566	         25,230	         32,014	      2,482,868

             Q_WC_04	    4	      1,000,000	   17,266,610,454	           57,915	   7	   10	  25,710	  21,840	    79	          2,281	         21,845	         29,387	         38,599	      5,093,948

             Q_WC_04	    5	      1,000,000	   16,431,836,104	           60,857	   7	   11	  27,970	  17,130	     0	          2,301	         20,871	         27,486	         34,551	      2,507,234

             Q_WC_04	    6	      1,000,000	   12,871,071,860	           77,694	   7	   11	  23,630	  13,760	     0	          1,483	         15,687	         23,319	         35,645	      1,913,886

             Q_WC_04	    7	      1,000,000	   14,669,623,054	           68,168	   7	   10	  25,840	  15,700	     0	          1,512	         18,523	         24,631	         35,087	      1,929,046

             Q_WC_04	    8	      1,000,000	   16,637,288,301	           60,106	   7	   10	  27,370	  18,680	     0	          1,523	         19,399	         27,647	         37,859	      1,975,200

             Q_WC_04	    9	      1,000,000	   12,543,227,139	           79,724	   7	    9	  25,040	  12,450	    71	          2,075	         15,419	         20,918	         27,339	      2,100,339

             Q_WC_04	   10	      1,000,000	   13,756,562,065	           72,693	   7	    9	  24,890	  14,580	    69	          1,985	         16,125	         23,835	         33,182	      2,242,043

COMMAND LINE: [-Djava.library.path=/home/y/lib64, -XX:+UseConcMarkSweepGC, -Xmx8G]
Conf: {Q.type=disruptor-latest, Q.disruptor.lite-blocking=true, Q.disruptor.timeout=0}

           Test Name	  Num	     Iterations	          Time ns	       Throughput	  GC	GC ms	  USR ms	  SYS ms	JIT ms	    min latency	   latency 50th	   latency 90th	   latency 99th	    max latency
             Q_WC_04	    1	      1,000,000	   12,278,339,870	           81,444	   7	   11	  24,070	  13,640	   888	          1,459	         15,737	         23,736	         50,330	      7,482,265

             Q_WC_04	    2	      1,000,000	   13,450,946,804	           74,344	   7	   15	  26,170	  14,290	   293	          1,511	         15,512	         23,144	         32,530	      3,081,309

             Q_WC_04	    3	      1,000,000	   13,070,624,782	           76,507	   7	   11	  25,050	  13,350	    82	          1,363	         14,873	         23,949	         32,385	      1,974,812

             Q_WC_04	    4	      1,000,000	   13,212,868,328	           75,684	   7	   10	  25,900	  12,920	    83	          1,347	         15,715	         21,727	         28,799	      1,963,452

             Q_WC_04	    5	      1,000,000	   13,496,484,599	           74,093	   7	   12	  26,330	  13,430	     0	          1,723	         15,636	         22,055	         28,417	      2,428,111

             Q_WC_04	    6	      1,000,000	   13,180,526,465	           75,870	   7	    9	  25,520	  12,790	     0	          1,788	         14,956	         21,965	         29,831	      1,980,533

             Q_WC_04	    7	      1,000,000	   11,849,706,858	           84,390	   7	    9	  23,110	  12,650	     0	          1,551	         14,578	         20,935	         30,303	      1,715,934

             Q_WC_04	    8	      1,000,000	   12,083,407,171	           82,758	   7	    9	  24,040	  11,610	     0	          1,461	         13,705	         20,602	         26,778	      1,312,204

             Q_WC_04	    9	      1,000,000	   13,143,147,732	           76,085	   7	   10	  26,050	  13,230	     0	          1,622	         15,810	         21,465	         28,431	      1,970,765

             Q_WC_04	   10	      1,000,000	   11,020,438,153	           90,740	   7	   10	  22,230	  11,220	     0	          1,545	         13,129	         20,062	         29,242	      2,097,351

COMMAND LINE: [-Djava.library.path=/home/y/lib64, -XX:+UseConcMarkSweepGC, -Xmx8G]
Conf: {Q.type=disruptor-latest, Q.disruptor.lite-blocking=true, Q.batch-size=100, Q.disruptor.timeout=0}

           Test Name	  Num	     Iterations	          Time ns	       Throughput	  GC	GC ms	  USR ms	  SYS ms	JIT ms	    min latency	   latency 50th	   latency 90th	   latency 99th	    max latency
             Q_WC_04	    1	      1,000,000	    2,077,948,615	          481,244	   6	    9	   5,250	     300	 1,080	          4,252	         50,803	        112,657	        420,652	      2,149,014

             Q_WC_04	    2	      1,000,000	    2,025,591,354	          493,683	   6	    8	   4,850	     320	   324	          5,010	         53,017	        103,846	        232,481	        694,110

             Q_WC_04	    3	      1,000,000	    1,929,071,701	          518,384	   6	    8	   4,400	     390	    85	          5,069	         50,131	         88,766	        133,762	      1,164,866

             Q_WC_04	    4	      1,000,000	    1,760,402,547	          568,052	   6	    9	   3,760	     230	    82	          1,903	         43,908	         82,423	        127,076	        996,093

             Q_WC_04	    5	      1,000,000	    2,004,461,784	          498,887	   6	    8	   4,500	     510	     4	          7,144	         52,324	         90,272	        132,662	        903,222

             Q_WC_04	    6	      1,000,000	    1,669,113,029	          599,121	   6	    8	   3,330	     200	     0	          4,986	         40,125	         72,066	        108,050	      1,003,596

             Q_WC_04	    7	      1,000,000	    2,004,074,599	          498,983	   6	    9	   4,430	     320	     0	          6,278	         54,043	         92,171	        139,587	      1,289,016

             Q_WC_04	    8	      1,000,000	    2,167,853,480	          461,286	   6	    9	   4,970	     390	    23	          8,059	         57,059	         99,632	        147,395	      2,035,412

             Q_WC_04	    9	      1,000,000	    1,998,608,435	          500,348	   6	    7	   4,510	     450	     0	          8,119	         52,041	         91,852	        136,828	      1,366,733

             Q_WC_04	   10	      1,000,000	    1,970,616,056	          507,456	   6	    8	   4,370	     300	     0	          6,835	         49,630	         88,985	        136,891	      1,238,354

COMMAND LINE: [-Djava.library.path=/home/y/lib64, -XX:+UseConcMarkSweepGC, -Xmx8G]
Conf: {Q.type=disruptor-latest, Q.disruptor.lite-blocking=true, Q.batch-size=250, Q.disruptor.timeout=0}

           Test Name	  Num	     Iterations	          Time ns	       Throughput	  GC	GC ms	  USR ms	  SYS ms	JIT ms	    min latency	   latency 50th	   latency 90th	   latency 99th	    max latency
             Q_WC_04	    1	      1,000,000	    1,838,256,995	          543,994	   6	   10	   4,660	     210	   698	          8,841	        109,482	        224,969	        812,887	      2,058,619

             Q_WC_04	    2	      1,000,000	    1,804,284,994	          554,236	   6	    8	   4,970	     190	   455	         11,020	        113,691	        219,883	        473,037	      1,199,338

             Q_WC_04	    3	      1,000,000	    1,633,282,919	          612,264	   6	   10	       0	       0	    85	         13,506	        103,144	        179,968	        257,141	      1,235,725

             Q_WC_04	    4	      1,000,000	    1,604,845,792	          623,113	   6	    9	       0	       0	    75	          9,815	         94,159	        173,922	        254,553	      1,366,377

             Q_WC_04	    5	      1,000,000	    1,734,664,696	          576,480	   6	    9	   7,020	     300	     5	          3,230	        102,267	        189,829	        282,558	      1,989,788

             Q_WC_04	    6	      1,000,000	    1,685,913,721	          593,150	   6	    8	   3,570	     170	     4	          9,742	        104,679	        201,013	        288,181	      3,599,391

             Q_WC_04	    7	      1,000,000	    1,684,049,628	          593,807	   6	    8	   3,930	     190	     3	         12,141	        103,673	        181,747	        272,698	      2,388,064

             Q_WC_04	    8	      1,000,000	    1,680,414,998	          595,091	   6	    9	       0	       0	     0	          9,475	        102,481	        187,632	        275,851	      1,500,834

             Q_WC_04	    9	      1,000,000	    1,727,559,928	          578,851	   6	   10	       0	       0	    24	         15,515	        106,020	        187,625	        281,801	      1,338,751

             Q_WC_04	   10	      1,000,000	    1,703,171,210	          587,140	   6	    8	   8,090	     330	     1	         11,146	        106,732	        185,835	        277,745	      2,444,666

COMMAND LINE: [-Djava.library.path=/home/y/lib64, -XX:+UseConcMarkSweepGC, -Xmx8G]
Conf: {Q.type=disruptor-latest, Q.disruptor.lite-blocking=true, Q.batch-size=500, Q.disruptor.timeout=0}

           Test Name	  Num	     Iterations	          Time ns	       Throughput	  GC	GC ms	  USR ms	  SYS ms	JIT ms	    min latency	   latency 50th	   latency 90th	   latency 99th	    max latency
             Q_WC_04	    1	      1,000,000	    1,674,418,205	          597,222	   6	   10	   4,560	     190	   826	         22,219	        190,602	        398,834	      1,037,446	      2,025,729

             Q_WC_04	    2	      1,000,000	    1,607,088,396	          622,243	   6	    9	   4,270	     150	   246	         13,566	        197,217	        406,415	        953,430	      2,846,851

             Q_WC_04	    3	      1,000,000	    1,589,863,679	          628,985	   6	    9	   3,310	     110	   132	         11,669	        175,368	        329,292	        491,757	        995,271

             Q_WC_04	    4	      1,000,000	    1,614,366,727	          619,438	   6	    9	       0	       0	   101	         11,210	        183,243	        343,123	        514,520	      1,965,163

             Q_WC_04	    5	      1,000,000	    1,536,200,893	          650,957	   6	    9	   7,210	     230	    25	         23,623	        180,765	        322,413	        499,031	      2,783,088

             Q_WC_04	    6	      1,000,000	    1,560,144,358	          640,966	   6	   10	   3,720	      90	     2	         20,328	        182,358	        331,107	        493,097	      1,063,072

             Q_WC_04	    7	      1,000,000	    1,535,691,637	          651,172	   6	    9	       0	       0	     2	         20,811	        181,520	        324,300	        503,592	      2,403,533

             Q_WC_04	    8	      1,000,000	    1,646,419,752	          607,379	   6	    9	   7,320	     250	     0	         10,796	        197,676	        345,633	        508,221	      1,957,026

             Q_WC_04	    9	      1,000,000	    1,586,530,880	          630,306	   6	    8	   3,750	     100	    14	         13,363	        191,162	        340,848	        509,097	      2,792,606

             Q_WC_04	   10	      1,000,000	    1,657,061,805	          603,478	   6	    8	       0	       0	    11	         20,914	        195,341	        355,803	        544,087	      2,631,988

COMMAND LINE: [-Djava.library.path=/home/y/lib64, -XX:+UseConcMarkSweepGC, -Xmx8G]
Conf: {Q.batch-size=100}

           Test Name	  Num	     Iterations	          Time ns	       Throughput	  GC	GC ms	  USR ms	  SYS ms	JIT ms	    min latency	   latency 50th	   latency 90th	   latency 99th	    max latency
             Q_WC_04	    1	      1,000,000	    2,110,797,953	          473,754	   6	   10	   5,000	     350	   831	          5,528	         55,807	        106,680	        444,904	      4,204,957

             Q_WC_04	    2	      1,000,000	    2,343,280,176	          426,752	   6	   10	   5,940	     540	   712	         10,171	         59,288	        109,641	        217,386	      2,622,814

             Q_WC_04	    3	      1,000,000	    2,143,015,737	          466,632	   6	    8	   4,720	     390	   104	          8,246	         57,971	         98,705	        142,307	      1,210,153

             Q_WC_04	    4	      1,000,000	    2,136,785,529	          467,993	   6	    9	   4,860	     520	    81	         11,360	         55,584	         96,559	        150,292	      1,639,300

             Q_WC_04	    5	      1,000,000	    2,069,205,277	          483,277	   6	    8	   4,600	     330	     1	          6,939	         53,620	         96,354	        145,430	        851,474

             Q_WC_04	    6	      1,000,000	    2,038,354,962	          490,592	   6	    8	   4,670	     340	   309	          5,248	         54,378	         91,596	        137,295	      3,083,224

             Q_WC_04	    7	      1,000,000	    2,330,045,345	          429,176	   6	    8	   5,000	     440	    24	          9,642	         57,893	        107,606	        165,815	      1,858,424

             Q_WC_04	    8	      1,000,000	    2,041,065,698	          489,940	   6	    8	   4,370	     350	     0	          6,486	         51,642	         89,258	        135,079	      1,576,989

             Q_WC_04	    9	      1,000,000	    2,174,055,517	          459,970	   6	    8	   4,770	     470	   131	          6,230	         56,074	         98,608	        150,532	      1,329,574

             Q_WC_04	   10	      1,000,000	    1,973,522,420	          506,708	   6	    9	   3,770	     250	    67	          5,164	         47,016	         84,864	        127,913	        849,586

COMMAND LINE: [-Djava.library.path=/home/y/lib64, -XX:+UseConcMarkSweepGC, -Xmx8G]
Conf: {Q.batch-size=250}

           Test Name	  Num	     Iterations	          Time ns	       Throughput	  GC	GC ms	  USR ms	  SYS ms	JIT ms	    min latency	   latency 50th	   latency 90th	   latency 99th	    max latency
             Q_WC_04	    1	      1,000,000	    1,929,892,520	          518,164	   6	   10	       0	       0	   893	         16,485	        115,657	        239,978	        837,675	      3,540,549

             Q_WC_04	    2	      1,000,000	    1,845,118,105	          541,971	   6	   10	       0	       0	   416	          8,463	        114,548	        219,278	        604,670	      2,497,657

             Q_WC_04	    3	      1,000,000	    1,759,195,072	          568,442	   6	    8	       0	       0	    98	         10,087	        112,549	        196,020	        283,530	      1,871,432

             Q_WC_04	    4	      1,000,000	    1,839,876,040	          543,515	   6	    8	   8,030	     390	    84	         12,793	        109,858	        198,071	        288,774	      1,307,901

             Q_WC_04	    5	      1,000,000	    1,716,824,362	          582,471	   6	    9	   4,010	     210	     3	         14,869	        107,579	        187,644	        278,466	      2,013,483

             Q_WC_04	    6	      1,000,000	    1,739,332,330	          574,933	   6	    8	   4,060	     190	    79	          7,760	        110,519	        189,169	        280,946	      2,943,267

             Q_WC_04	    7	      1,000,000	    1,833,901,021	          545,286	   6	    8	   4,210	     200	     0	         12,409	        113,214	        195,224	        290,470	      2,196,542

             Q_WC_04	    8	      1,000,000	    1,902,137,036	          525,724	   6	    8	   4,210	     200	    29	          8,089	        112,611	        207,661	        306,412	      1,555,463

             Q_WC_04	    9	      1,000,000	    1,844,290,505	          542,214	   6	   10	   4,250	     220	     0	         11,233	        111,631	        196,190	        288,014	      1,685,869

             Q_WC_04	   10	      1,000,000	    1,683,498,985	          594,001	   6	    8	   3,710	     170	    77	         11,910	        108,372	        185,981	        269,865	      1,465,241

COMMAND LINE: [-Djava.library.path=/home/y/lib64, -XX:+UseConcMarkSweepGC, -Xmx8G]
Conf: {Q.batch-size=500}

           Test Name	  Num	     Iterations	          Time ns	       Throughput	  GC	GC ms	  USR ms	  SYS ms	JIT ms	    min latency	   latency 50th	   latency 90th	   latency 99th	    max latency
             Q_WC_04	    1	      1,000,000	    1,993,821,448	          501,549	   6	   10	   4,660	     200	   943	         17,529	        228,127	        448,530	      1,061,079	      5,285,344

             Q_WC_04	    2	      1,000,000	    1,721,360,306	          580,936	   6	   11	   4,370	     160	   368	         18,437	        215,205	        430,064	        940,008	      2,768,546

             Q_WC_04	    3	      1,000,000	    1,765,954,327	          566,266	   6	   10	   3,910	     140	   110	         11,772	        210,018	        376,500	        566,565	      2,166,435

             Q_WC_04	    4	      1,000,000	    1,706,922,732	          585,850	   6	   10	   3,930	     140	     0	         23,663	        203,498	        364,903	        540,087	      1,678,070

             Q_WC_04	    5	      1,000,000	    1,711,371,325	          584,327	   6	   10	   3,310	     110	    51	          9,963	        183,020	        345,049	        534,950	      2,273,487

             Q_WC_04	    6	      1,000,000	    1,634,313,342	          611,878	   6	    9	       0	       0	   150	         15,009	        195,733	        356,298	        525,125	      2,083,067

             Q_WC_04	    7	      1,000,000	    1,725,663,201	          579,487	   6	    9	   7,610	     280	   192	         18,087	        202,602	        371,167	        560,097	      2,083,663

             Q_WC_04	    8	      1,000,000	    1,641,036,979	          609,371	   6	    9	   3,730	     150	    12	         18,206	        195,885	        350,960	        519,719	      1,656,684

             Q_WC_04	    9	      1,000,000	    1,817,589,968	          550,179	   6	   10	   4,150	     150	    11	         20,687	        223,446	        403,130	        594,189	      1,800,467

             Q_WC_04	   10	      1,000,000	    1,775,328,303	          563,276	   6	   10	   3,620	     150	    77	         12,965	        209,950	        404,766	        574,913	      1,058,872

