COMMAND LINE: [-Djava.library.path=/home/y/lib64, -XX:+UseConcMarkSweepGC, -Xmx8G]
Conf: {}

           Test Name	  Num	     Iterations	          Time ns	       Throughput	  GC	GC ms	  USR ms	  SYS ms	JIT ms	    min latency	   latency 50th	   latency 90th	   latency 99th	    max latency
           Q_WC_X_16	    1	      1,000,000	    2,902,466,192	          344,535	   7	   14	  22,780	  13,310	 2,615	          3,115	         53,366	        248,902	      2,231,477	     16,732,775

           Q_WC_X_16	    2	      1,000,000	    2,819,446,542	          354,680	   7	   10	  20,360	  13,440	   609	          3,000	         46,225	        218,673	      2,395,307	     11,053,349

           Q_WC_X_16	    3	      1,000,000	    2,587,816,228	          386,426	   7	   10	  18,620	  12,980	     0	          2,800	         36,772	        147,886	        324,204	        861,844

           Q_WC_X_16	    4	      1,000,000	    2,443,658,125	          409,223	   7	   10	  18,000	  12,470	    41	          2,640	         34,908	        140,742	        311,204	      1,403,108

           Q_WC_X_16	    5	      1,000,000	    2,433,760,408	          410,887	   7	   10	  17,960	  12,320	     1	          2,423	         35,932	        139,427	        306,151	     12,871,935

           Q_WC_X_16	    6	      1,000,000	    2,473,689,439	          404,254	   7	   10	  17,880	  12,090	    48	          2,654	         35,659	        151,425	        395,487	     10,416,815

           Q_WC_X_16	    7	      1,000,000	    2,433,492,050	          410,932	   7	    8	  17,820	  12,490	    36	          2,650	         34,086	        138,155	        307,419	      1,517,481

           Q_WC_X_16	    8	      1,000,000	    2,445,326,505	          408,943	   7	   10	  17,700	  12,320	   133	          3,048	         34,893	        137,547	        303,538	      2,272,273

           Q_WC_X_16	    9	      1,000,000	    2,991,057,465	          334,330	   7	    8	  19,700	  14,110	     5	          2,855	         31,873	        158,638	        419,884	      2,433,895

           Q_WC_X_16	   10	      1,000,000	    2,439,515,461	          409,917	   7	    8	  18,010	  12,260	    88	          2,898	         35,549	        137,026	        291,701	      1,080,353

COMMAND LINE: [-Djava.library.path=/home/y/lib64, -XX:+UseConcMarkSweepGC, -Xmx8G]
Conf: {Q.type=disruptor-latest}

           Test Name	  Num	     Iterations	          Time ns	       Throughput	  GC	GC ms	  USR ms	  SYS ms	JIT ms	    min latency	   latency 50th	   latency 90th	   latency 99th	    max latency
           Q_WC_X_16	    1	      1,000,000	    2,534,011,940	          394,631	   7	   12	  20,150	  11,820	 2,730	          2,915	         52,093	        285,742	      2,693,267	     18,056,037

           Q_WC_X_16	    2	      1,000,000	    2,379,429,779	          420,269	   6	    9	  17,700	  11,730	   530	          2,670	         44,790	        192,696	        656,753	     12,000,802

           Q_WC_X_16	    3	      1,000,000	    2,240,048,732	          446,419	   7	   10	  16,200	  11,800	    89	          2,411	         33,227	        145,704	        506,868	      3,156,031

           Q_WC_X_16	    4	      1,000,000	    2,320,963,574	          430,856	   7	   10	  16,600	  12,000	   102	          2,347	         34,366	        142,567	        326,297	     10,934,447

           Q_WC_X_16	    5	      1,000,000	    2,266,072,191	          441,292	   7	    9	  16,340	  11,930	     0	          2,649	         32,095	        132,556	        292,733	      1,298,954

           Q_WC_X_16	    6	      1,000,000	    2,352,857,801	          425,015	   7	    8	  16,390	  12,000	    85	          2,438	         31,561	        134,984	        338,860	     11,074,470

           Q_WC_X_16	    7	      1,000,000	    2,384,513,516	          419,373	   7	    9	  17,070	  12,780	    67	          2,532	         35,588	        131,861	        271,524	      1,313,720

           Q_WC_X_16	    8	      1,000,000	    2,388,198,846	          418,726	   7	   10	  16,870	  12,670	   168	          2,350	         34,424	        130,041	        270,574	     10,890,792

           Q_WC_X_16	    9	      1,000,000	    2,987,807,650	          334,694	   7	    8	  18,630	  14,140	     4	          2,713	         29,152	        153,121	        396,280	      6,093,013

           Q_WC_X_16	   10	      1,000,000	    2,185,619,674	          457,536	   6	    8	  15,760	  11,540	    55	          2,145	         32,314	        132,840	        303,785	      3,341,355

COMMAND LINE: [-Djava.library.path=/home/y/lib64, -XX:+UseConcMarkSweepGC, -Xmx8G]
Conf: {Q.type=disruptor-latest, Q.disruptor.timeout=0}

           Test Name	  Num	     Iterations	          Time ns	       Throughput	  GC	GC ms	  USR ms	  SYS ms	JIT ms	    min latency	   latency 50th	   latency 90th	   latency 99th	    max latency
           Q_WC_X_16	    1	      1,000,000	    2,664,662,855	          375,282	   7	   13	  20,280	  11,720	 2,669	          2,412	         50,163	        318,121	      5,093,303	     14,558,428

           Q_WC_X_16	    2	      1,000,000	    2,427,077,352	          412,018	   7	    9	  17,870	  11,040	   513	          2,741	         37,107	        162,731	        661,066	     14,692,661

           Q_WC_X_16	    3	      1,000,000	    2,446,359,966	          408,771	   7	    9	  17,440	  11,920	    14	          2,779	         35,519	        139,413	        303,475	      7,497,837

           Q_WC_X_16	    4	      1,000,000	    2,350,742,032	          425,398	   7	    9	  16,930	  11,290	    32	          2,461	         32,197	        130,937	        282,546	      9,544,822

           Q_WC_X_16	    5	      1,000,000	    2,434,984,757	          410,680	   7	   10	  17,110	  11,460	     1	          2,929	         32,990	        132,338	        294,844	     10,106,994

           Q_WC_X_16	    6	      1,000,000	    2,345,285,083	          426,387	   7	    9	  17,090	  11,440	     1	          2,339	         32,781	        131,208	        295,860	      1,078,097

           Q_WC_X_16	    7	      1,000,000	    3,099,171,700	          322,667	   7	    9	  19,450	  13,310	    89	          1,936	         30,132	        150,075	        406,436	     10,318,853

           Q_WC_X_16	    8	      1,000,000	    2,430,824,741	          411,383	   7	   10	  17,240	  11,880	   210	          2,510	         34,365	        140,370	        323,822	        988,201

           Q_WC_X_16	    9	      1,000,000	    2,377,302,091	          420,645	   7	   10	  16,860	  11,050	    63	          2,088	         32,278	        133,475	        301,819	      1,359,711

           Q_WC_X_16	   10	      1,000,000	    2,300,034,270	          434,776	   7	    9	  16,500	  11,150	    48	          2,576	         30,854	        131,385	        316,246	      8,921,743

COMMAND LINE: [-Djava.library.path=/home/y/lib64, -XX:+UseConcMarkSweepGC, -Xmx8G]
Conf: {Q.type=disruptor-latest, Q.disruptor.lite-blocking=true, Q.disruptor.timeout=0}

           Test Name	  Num	     Iterations	          Time ns	       Throughput	  GC	GC ms	  USR ms	  SYS ms	JIT ms	    min latency	   latency 50th	   latency 90th	   latency 99th	    max latency
           Q_WC_X_16	    1	      1,000,000	    1,854,101,706	          539,345	   7	   15	  17,590	   4,690	 3,784	          2,841	         97,410	      2,375,392	      7,430,659	     19,316,884

           Q_WC_X_16	    2	      1,000,000	    1,543,796,362	          647,754	   6	   11	  13,690	   4,480	   462	          2,147	         28,128	        885,862	      6,790,115	     16,740,185

           Q_WC_X_16	    3	      1,000,000	    1,469,978,812	          680,282	   6	   11	  12,600	   4,060	   135	          2,689	         20,861	        578,085	      1,566,430	     10,920,507

           Q_WC_X_16	    4	      1,000,000	    1,454,214,148	          687,657	   6	    9	       0	       0	   141	          2,644	         21,368	        531,675	      2,213,942	     11,385,267

           Q_WC_X_16	    5	      1,000,000	    1,432,641,713	          698,011	   6	   11	  25,080	   8,670	    82	          2,786	         23,543	        661,708	      5,736,931	     10,793,479

           Q_WC_X_16	    6	      1,000,000	    1,438,740,402	          695,052	   6	   10	       0	       0	     1	          2,745	         20,524	        588,839	      4,111,133	     12,366,068

           Q_WC_X_16	    7	      1,000,000	    1,478,181,176	          676,507	   6	   10	  24,420	   8,500	   164	          2,381	         25,787	        699,717	      8,113,644	     11,899,533

           Q_WC_X_16	    8	      1,000,000	    1,521,771,532	          657,129	   6	    9	       0	       0	   391	          2,682	         22,187	        646,377	      1,809,420	     14,080,192

           Q_WC_X_16	    9	      1,000,000	    1,470,996,554	          679,811	   6	   13	       0	       0	   184	          2,852	         22,456	        607,516	      1,858,214	     12,621,632

           Q_WC_X_16	   10	      1,000,000	    1,443,607,029	          692,709	   6	   10	  25,250	   8,570	     1	          2,708	         23,084	        679,823	      3,646,705	     10,898,858

COMMAND LINE: [-Djava.library.path=/home/y/lib64, -XX:+UseConcMarkSweepGC, -Xmx8G]
Conf: {Q.type=disruptor-latest, Q.disruptor.lite-blocking=true, Q.batch-size=100, Q.disruptor.timeout=0}

           Test Name	  Num	     Iterations	          Time ns	       Throughput	  GC	GC ms	  USR ms	  SYS ms	JIT ms	    min latency	   latency 50th	   latency 90th	   latency 99th	    max latency
           Q_WC_X_16	    1	      1,000,000	      961,523,351	        1,040,016	   8	   18	       0	       0	 3,419	         29,239	        744,952	      1,759,489	      7,969,184	     24,177,283

           Q_WC_X_16	    2	      1,000,000	      598,017,657	        1,672,191	   6	   12	  20,940	     840	   459	         15,219	        579,512	      1,082,877	      2,114,792	     21,171,752

           Q_WC_X_16	    3	      1,000,000	      537,010,406	        1,862,161	   7	   14	       0	       0	   169	         14,510	        565,293	      1,128,547	      2,861,870	      8,241,650

           Q_WC_X_16	    4	      1,000,000	      502,413,222	        1,990,393	   7	   14	       0	       0	     4	         17,245	        545,692	      1,092,158	      1,590,450	      3,815,905

           Q_WC_X_16	    5	      1,000,000	      550,562,798	        1,816,323	   7	   14	  19,550	     860	   198	         18,499	        498,899	      1,055,162	      1,398,747	      9,243,144

           Q_WC_X_16	    6	      1,000,000	      504,416,058	        1,982,490	   7	   15	       0	       0	    33	         19,159	        549,200	      1,147,994	      1,970,818	      5,284,555

           Q_WC_X_16	    7	      1,000,000	      500,201,502	        1,999,194	   7	   15	       0	       0	     6	         14,711	        534,576	      1,079,288	      1,638,041	      6,145,466

           Q_WC_X_16	    8	      1,000,000	      491,636,216	        2,034,024	   7	   13	  18,750	     860	     0	         11,911	        532,203	      1,101,061	      1,675,212	      3,519,671

           Q_WC_X_16	    9	      1,000,000	      504,407,807	        1,982,523	   7	   14	       0	       0	     1	         15,386	        552,232	      1,109,626	      1,651,136	      4,427,127

           Q_WC_X_16	   10	      1,000,000	      499,037,905	        2,003,856	   7	   14	       0	       0	     0	         17,258	        524,189	      1,115,614	      1,802,659	      5,057,821

COMMAND LINE: [-Djava.library.path=/home/y/lib64, -XX:+UseConcMarkSweepGC, -Xmx8G]
Conf: {Q.type=disruptor-latest, Q.disruptor.lite-blocking=true, Q.batch-size=250, Q.disruptor.timeout=0}

           Test Name	  Num	     Iterations	          Time ns	       Throughput	  GC	GC ms	  USR ms	  SYS ms	JIT ms	    min latency	   latency 50th	   latency 90th	   latency 99th	    max latency
           Q_WC_X_16	    1	      1,000,000	    1,006,507,987	          993,534	   8	   27	       0	       0	 4,021	         28,955	        931,718	      4,843,005	     17,844,408	     46,819,096

           Q_WC_X_16	    2	      1,000,000	      486,674,142	        2,054,763	   6	   13	  19,400	     820	   155	         15,857	        747,940	      1,427,396	      2,701,582	     10,258,541

           Q_WC_X_16	    3	      1,000,000	      554,784,834	        1,802,501	   7	   15	       0	       0	   242	         22,471	        705,788	      1,345,456	      5,269,913	     17,398,596

           Q_WC_X_16	    4	      1,000,000	      481,958,927	        2,074,866	   7	   16	       0	       0	     8	         24,737	        792,777	      1,563,169	      3,147,900	      5,757,415

           Q_WC_X_16	    5	      1,000,000	      484,960,708	        2,062,023	   7	   16	  19,030	     770	   324	          3,436	        797,245	      1,506,008	      2,652,453	      9,896,959

           Q_WC_X_16	    6	      1,000,000	      488,349,286	        2,047,715	   7	   16	       0	       0	     8	         24,305	        794,344	      1,670,287	      5,012,743	      6,470,838

           Q_WC_X_16	    7	      1,000,000	      497,335,455	        2,010,715	   7	   17	       0	       0	   193	         26,343	        746,897	      1,331,461	      2,059,244	      6,495,772

           Q_WC_X_16	    8	      1,000,000	      497,330,830	        2,010,734	   7	   18	  17,940	     810	    92	         15,193	        761,166	      1,461,949	      2,492,400	      7,188,825

           Q_WC_X_16	    9	      1,000,000	      483,764,144	        2,067,123	   7	   16	       0	       0	     1	         18,307	        754,028	      1,382,247	      2,187,731	      4,977,927

           Q_WC_X_16	   10	      1,000,000	      485,310,844	        2,060,535	   7	   16	       0	       0	     0	         14,915	        715,450	      1,321,954	      2,209,591	      7,919,530

COMMAND LINE: [-Djava.library.path=/home/y/lib64, -XX:+UseConcMarkSweepGC, -Xmx8G]
Conf: {Q.type=disruptor-latest, Q.disruptor.lite-blocking=true, Q.batch-size=500, Q.disruptor.timeout=0}

           Test Name	  Num	     Iterations	          Time ns	       Throughput	  GC	GC ms	  USR ms	  SYS ms	JIT ms	    min latency	   latency 50th	   latency 90th	   latency 99th	    max latency
           Q_WC_X_16	    1	      1,000,000	    1,088,598,399	          918,612	   8	   30	       0	       0	 4,075	         20,598	      1,034,145	      6,950,203	     22,392,188	     56,631,632

           Q_WC_X_16	    2	      1,000,000	      972,996,187	        1,027,753	   6	   16	       0	       0	 1,028	         31,099	        655,224	      1,104,832	      5,313,429	     22,678,333

           Q_WC_X_16	    3	      1,000,000	      526,992,163	        1,897,561	   7	   20	       0	       0	    47	         19,760	        748,927	      1,414,497	      2,816,912	     17,757,135

           Q_WC_X_16	    4	      1,000,000	      535,558,569	        1,867,209	   7	   22	  26,110	     930	     5	          9,979	        846,421	      1,792,334	      4,266,706	     10,483,672

           Q_WC_X_16	    5	      1,000,000	      496,780,439	        2,012,962	   7	   19	       0	       0	   342	         20,526	        979,313	      3,271,410	      7,388,126	     12,195,185

           Q_WC_X_16	    6	      1,000,000	      496,442,406	        2,014,332	   7	   18	       0	       0	    36	          4,847	        872,879	      2,394,457	      6,036,583	      9,731,608

           Q_WC_X_16	    7	      1,000,000	      498,520,245	        2,005,937	   7	   17	  17,950	     870	   256	         13,047	        770,109	      1,570,524	      3,020,201	     10,866,042

           Q_WC_X_16	    8	      1,000,000	      501,548,082	        1,993,827	   7	   19	       0	       0	   101	         19,287	        858,727	      1,951,351	      4,568,342	      8,036,470

           Q_WC_X_16	    9	      1,000,000	      518,254,696	        1,929,553	   7	   19	       0	       0	    89	         24,137	        889,646	      2,279,325	      5,248,960	      9,049,327

           Q_WC_X_16	   10	      1,000,000	      489,422,482	        2,043,224	   7	   19	  17,600	     850	     0	         18,210	        791,831	      1,488,004	      2,620,513	     12,081,727

COMMAND LINE: [-Djava.library.path=/home/y/lib64, -XX:+UseConcMarkSweepGC, -Xmx8G]
Conf: {Q.batch-size=100}

           Test Name	  Num	     Iterations	          Time ns	       Throughput	  GC	GC ms	  USR ms	  SYS ms	JIT ms	    min latency	   latency 50th	   latency 90th	   latency 99th	    max latency
