COMMAND LINE: [-Djava.library.path=/home/y/lib64, -XX:+UseConcMarkSweepGC, -Xmx8G]
Conf: {}

           Test Name	  Num	     Iterations	          Time ns	       Throughput	  GC	GC ms	  USR ms	  SYS ms	JIT ms
             Q_WC_04	    1	      1,000,000	   12,404,873,473	           80,613	   7	   16	  25,580	  13,290	   772

             Q_WC_04	    2	      1,000,000	   13,390,146,718	           74,682	   7	   12	  25,810	  14,900	   424

             Q_WC_04	    3	      1,000,000	   12,754,753,357	           78,402	   7	   10	  25,900	  13,510	     0

             Q_WC_04	    4	      1,000,000	   16,141,586,108	           61,952	   7	   10	  29,330	  18,000	     0

             Q_WC_04	    5	      1,000,000	   14,292,595,547	           69,966	   7	   10	  27,270	  16,570	     0

             Q_WC_04	    6	      1,000,000	   12,206,417,972	           81,924	   7	   10	  24,440	  12,980	     0

             Q_WC_04	    7	      1,000,000	   13,358,542,375	           74,858	   7	   11	  26,030	  14,410	     0

             Q_WC_04	    8	      1,000,000	   14,243,863,400	           70,206	   7	   12	  26,130	  16,440	     0

             Q_WC_04	    9	      1,000,000	   16,331,036,231	           61,233	   7	   11	  29,490	  18,370	     0

             Q_WC_04	   10	      1,000,000	   15,122,932,506	           66,125	   7	   10	  28,330	  16,460	     0

COMMAND LINE: [-Djava.library.path=/home/y/lib64, -XX:+UseConcMarkSweepGC, -Xmx8G]
Conf: {Q.type=disruptor-latest}

           Test Name	  Num	     Iterations	          Time ns	       Throughput	  GC	GC ms	  USR ms	  SYS ms	JIT ms
             Q_WC_04	    1	      1,000,000	   11,722,960,222	           85,303	   7	   11	  25,160	  13,070	   848

             Q_WC_04	    2	      1,000,000	   11,593,016,228	           86,259	   7	   14	  25,050	  11,960	   423

             Q_WC_04	    3	      1,000,000	   11,440,776,826	           87,407	   7	   17	  23,700	  12,990	     0

             Q_WC_04	    4	      1,000,000	   15,914,348,833	           62,836	   7	   11	  28,780	  17,900	     0

             Q_WC_04	    5	      1,000,000	   13,705,327,770	           72,964	   7	    9	  25,670	  16,510	     0

             Q_WC_04	    6	      1,000,000	   15,292,851,942	           65,390	   7	   10	  28,570	  17,810	     0

             Q_WC_04	    7	      1,000,000	   13,148,228,722	           76,056	   7	    9	  26,080	  14,460	     0

             Q_WC_04	    8	      1,000,000	   16,133,258,339	           61,984	   7	   10	  29,720	  18,090	     0

             Q_WC_04	    9	      1,000,000	   15,590,941,193	           64,140	   7	    9	  29,070	  16,480	     0

             Q_WC_04	   10	      1,000,000	   16,185,250,350	           61,785	   7	    9	  28,810	  19,400	     0

COMMAND LINE: [-Djava.library.path=/home/y/lib64, -XX:+UseConcMarkSweepGC, -Xmx8G]
Conf: {Q.type=disruptor-latest, Q.disruptor.timeout=0}

           Test Name	  Num	     Iterations	          Time ns	       Throughput	  GC	GC ms	  USR ms	  SYS ms	JIT ms
             Q_WC_04	    1	      1,000,000	   10,195,361,223	           98,084	   7	   12	  22,470	   9,940	   837

             Q_WC_04	    2	      1,000,000	   13,586,208,779	           73,604	   7	   11	  26,100	  13,640	   368

             Q_WC_04	    3	      1,000,000	   13,096,800,602	           76,355	   7	   11	  24,800	  14,100	    64

             Q_WC_04	    4	      1,000,000	   12,137,239,891	           82,391	   7	   10	  23,250	  12,880	    64

             Q_WC_04	    5	      1,000,000	   14,942,688,595	           66,922	   7	   11	  26,360	  16,340	     0

             Q_WC_04	    6	      1,000,000	   10,208,155,675	           97,961	   7	   10	  21,220	  10,020	     0

             Q_WC_04	    7	      1,000,000	   13,583,432,805	           73,619	   7	   10	  25,340	  15,240	     0

             Q_WC_04	    8	      1,000,000	   11,745,781,927	           85,137	   7	   11	  23,350	  11,740	     9

             Q_WC_04	    9	      1,000,000	   11,845,465,822	           84,420	   7	   11	  23,200	  11,860	     1

             Q_WC_04	   10	      1,000,000	   13,419,883,581	           74,516	   7	   11	  24,380	  15,100	     0

COMMAND LINE: [-Djava.library.path=/home/y/lib64, -XX:+UseConcMarkSweepGC, -Xmx8G]
Conf: {Q.type=disruptor-latest, Q.disruptor.lite-blocking=true, Q.disruptor.timeout=0}

           Test Name	  Num	     Iterations	          Time ns	       Throughput	  GC	GC ms	  USR ms	  SYS ms	JIT ms
             Q_WC_04	    1	      1,000,000	   15,489,286,627	           64,561	   7	   14	  27,890	  16,950	   872

             Q_WC_04	    2	      1,000,000	   10,769,900,097	           92,851	   7	   10	  21,520	  12,060	   362

             Q_WC_04	    3	      1,000,000	   15,922,709,589	           62,803	   7	   11	  26,180	  19,100	     0

             Q_WC_04	    4	      1,000,000	   16,582,844,201	           60,303	   7	   10	  26,320	  20,060	     0

             Q_WC_04	    5	      1,000,000	   12,899,188,241	           77,524	   7	   11	  24,150	  14,240	     0

             Q_WC_04	    6	      1,000,000	   15,028,381,963	           66,541	   7	   10	  26,270	  17,590	    67

             Q_WC_04	    7	      1,000,000	   12,047,385,624	           83,006	   7	   10	  22,980	  12,500	     0

             Q_WC_04	    8	      1,000,000	   11,257,425,676	           88,830	   7	   10	  22,210	  12,620	     0

             Q_WC_04	    9	      1,000,000	   13,943,107,426	           71,720	   7	   10	  23,960	  16,270	     0

             Q_WC_04	   10	      1,000,000	   14,507,944,681	           68,928	   7	   11	  24,490	  18,970	     0

COMMAND LINE: [-Djava.library.path=/home/y/lib64, -XX:+UseConcMarkSweepGC, -Xmx8G]
Conf: {Q.type=disruptor-latest, Q.disruptor.lite-blocking=true, Q.batch-size=100, Q.disruptor.timeout=0}

           Test Name	  Num	     Iterations	          Time ns	       Throughput	  GC	GC ms	  USR ms	  SYS ms	JIT ms
             Q_WC_04	    1	      1,000,000	    2,100,382,558	          476,104	   6	   10	   5,260	     410	   811

             Q_WC_04	    2	      1,000,000	    1,808,441,708	          552,962	   6	   10	   4,100	     270	   382

             Q_WC_04	    3	      1,000,000	    1,774,289,271	          563,606	   6	    9	   4,060	     280	    56

             Q_WC_04	    4	      1,000,000	    1,718,534,464	          581,891	   6	   10	   3,720	     230	     0

             Q_WC_04	    5	      1,000,000	    2,021,477,761	          494,688	   6	    8	   4,540	     500	     4

             Q_WC_04	    6	      1,000,000	    1,982,282,764	          504,469	   6	    9	   4,390	     440	    77

             Q_WC_04	    7	      1,000,000	    2,031,273,473	          492,302	   6	   10	   4,480	     330	     2

             Q_WC_04	    8	      1,000,000	    1,961,697,902	          509,762	   6	    8	   4,530	     400	    26

             Q_WC_04	    9	      1,000,000	    2,041,717,737	          489,784	   6	    7	   4,530	     470	    27

             Q_WC_04	   10	      1,000,000	    1,895,086,167	          527,680	   6	    9	   4,250	     320	     0

COMMAND LINE: [-Djava.library.path=/home/y/lib64, -XX:+UseConcMarkSweepGC, -Xmx8G]
Conf: {Q.type=disruptor-latest, Q.disruptor.lite-blocking=true, Q.batch-size=250, Q.disruptor.timeout=0}

           Test Name	  Num	     Iterations	          Time ns	       Throughput	  GC	GC ms	  USR ms	  SYS ms	JIT ms
             Q_WC_04	    1	      1,000,000	    1,729,161,744	          578,315	   6	    9	       0	       0	   712

             Q_WC_04	    2	      1,000,000	    1,649,791,482	          606,137	   6	   10	       0	       0	   290

             Q_WC_04	    3	      1,000,000	    1,732,465,412	          577,212	   6	    9	   8,140	     320	    19

             Q_WC_04	    4	      1,000,000	    1,918,384,022	          521,272	   6	   10	   4,340	     210	     0

             Q_WC_04	    5	      1,000,000	    1,633,294,362	          612,260	   6	   10	   3,780	     210	     3

             Q_WC_04	    6	      1,000,000	    1,687,738,518	          592,509	   6	    9	   3,280	     130	     1

             Q_WC_04	    7	      1,000,000	    1,644,134,036	          608,223	   6	    9	       0	       0	     1

             Q_WC_04	    8	      1,000,000	    1,713,146,198	          583,721	   6	   10	   7,670	     350	     0

             Q_WC_04	    9	      1,000,000	    1,687,382,352	          592,634	   6	   10	   3,830	     150	    29

             Q_WC_04	   10	      1,000,000	    1,617,533,766	          618,225	   6	    9	       0	       0	     0

COMMAND LINE: [-Djava.library.path=/home/y/lib64, -XX:+UseConcMarkSweepGC, -Xmx8G]
Conf: {Q.type=disruptor-latest, Q.disruptor.lite-blocking=true, Q.batch-size=500, Q.disruptor.timeout=0}

           Test Name	  Num	     Iterations	          Time ns	       Throughput	  GC	GC ms	  USR ms	  SYS ms	JIT ms
             Q_WC_04	    1	      1,000,000	    1,745,835,455	          572,792	   6	   10	       0	       0	   719

             Q_WC_04	    2	      1,000,000	    1,633,278,820	          612,265	   6	   10	       0	       0	   355

             Q_WC_04	    3	      1,000,000	    1,610,606,930	          620,884	   6	   10	   7,710	     250	     3

             Q_WC_04	    4	      1,000,000	    1,642,489,027	          608,832	   6	   10	   3,460	     100	     5

             Q_WC_04	    5	      1,000,000	    1,710,961,878	          584,467	   6	   11	       0	       0	     7

             Q_WC_04	    6	      1,000,000	    1,587,377,200	          629,970	   6	   10	       0	       0	     1

             Q_WC_04	    7	      1,000,000	    1,594,681,122	          627,085	   6	    9	   7,140	     240	     8

             Q_WC_04	    8	      1,000,000	    1,642,408,563	          608,862	   6	    9	   3,590	     110	     2

             Q_WC_04	    9	      1,000,000	    1,552,700,186	          644,039	   6	    9	       0	       0	    14

             Q_WC_04	   10	      1,000,000	    1,643,841,579	          608,331	   6	   11	   7,230	     280	    13

COMMAND LINE: [-Djava.library.path=/home/y/lib64, -XX:+UseConcMarkSweepGC, -Xmx8G]
Conf: {Q.batch-size=100}

           Test Name	  Num	     Iterations	          Time ns	       Throughput	  GC	GC ms	  USR ms	  SYS ms	JIT ms
             Q_WC_04	    1	      1,000,000	    2,043,422,995	          489,375	   6	   10	   5,150	     410	   783

             Q_WC_04	    2	      1,000,000	    2,022,829,456	          494,357	   6	    9	   5,340	     370	   671

             Q_WC_04	    3	      1,000,000	    2,072,878,890	          482,421	   6	   10	   4,520	     380	     0

             Q_WC_04	    4	      1,000,000	    1,997,242,303	          500,690	   6	    8	   4,510	     450	     1

             Q_WC_04	    5	      1,000,000	    1,937,296,423	          516,183	   6	    8	   4,100	     300	     4

             Q_WC_04	    6	      1,000,000	    2,074,137,730	          482,128	   6	    8	   4,630	     380	   220

             Q_WC_04	    7	      1,000,000	    2,022,219,231	          494,506	   6	    8	   4,540	     440	    18

             Q_WC_04	    8	      1,000,000	    2,122,571,634	          471,127	   6	    9	   4,300	     330	    34

             Q_WC_04	    9	      1,000,000	    1,866,605,995	          535,732	   6	    8	   4,030	     360	   153

             Q_WC_04	   10	      1,000,000	    2,012,868,560	          496,803	   6	    8	   4,630	     350	   253

COMMAND LINE: [-Djava.library.path=/home/y/lib64, -XX:+UseConcMarkSweepGC, -Xmx8G]
Conf: {Q.batch-size=250}

           Test Name	  Num	     Iterations	          Time ns	       Throughput	  GC	GC ms	  USR ms	  SYS ms	JIT ms
             Q_WC_04	    1	      1,000,000	    1,940,447,479	          515,345	   6	   10	   4,860	     290	   795

             Q_WC_04	    2	      1,000,000	    1,769,862,437	          565,016	   6	   11	   3,730	     180	   402

             Q_WC_04	    3	      1,000,000	    1,903,545,481	          525,335	   6	   10	   4,080	     240	    26

             Q_WC_04	    4	      1,000,000	    1,727,818,841	          578,764	   6	   10	   3,970	     210	     0

             Q_WC_04	    5	      1,000,000	    1,768,840,431	          565,342	   6	   18	   4,120	     190	     4

             Q_WC_04	    6	      1,000,000	    1,732,923,972	          577,059	   6	   10	   3,830	     170	     6

             Q_WC_04	    7	      1,000,000	    1,715,065,874	          583,068	   6	    9	       0	       0	     3

             Q_WC_04	    8	      1,000,000	    1,819,204,752	          549,691	   6	   10	       0	       0	    12

             Q_WC_04	    9	      1,000,000	    1,732,544,628	          577,186	   6	    9	   7,300	     360	   169

             Q_WC_04	   10	      1,000,000	    1,795,861,696	          556,836	   6	   10	   3,460	     180	     1

COMMAND LINE: [-Djava.library.path=/home/y/lib64, -XX:+UseConcMarkSweepGC, -Xmx8G]
Conf: {Q.batch-size=500}

           Test Name	  Num	     Iterations	          Time ns	       Throughput	  GC	GC ms	  USR ms	  SYS ms	JIT ms
             Q_WC_04	    1	      1,000,000	    1,777,004,728	          562,745	   6	   10	   4,440	     190	   782

             Q_WC_04	    2	      1,000,000	    1,686,250,753	          593,032	   6	    9	   3,740	     120	   355

             Q_WC_04	    3	      1,000,000	    1,811,284,695	          552,094	   6	    9	   4,000	     140	     3

             Q_WC_04	    4	      1,000,000	    1,656,083,837	          603,834	   6	   10	   3,620	     110	    18

             Q_WC_04	    5	      1,000,000	    1,845,102,467	          541,975	   6	    9	   4,010	     140	   102

             Q_WC_04	    6	      1,000,000	    1,773,263,333	          563,932	   6	    9	       0	       0	    92

             Q_WC_04	    7	      1,000,000	    1,648,984,772	          606,434	   6	   10	   7,410	     300	     2

             Q_WC_04	    8	      1,000,000	    1,629,254,215	          613,778	   6	    9	   3,260	     100	   108

             Q_WC_04	    9	      1,000,000	    1,709,654,371	          584,914	   6	    9	   3,830	     110	   192

             Q_WC_04	   10	      1,000,000	    1,585,323,559	          630,786	   6	    9	       0	       0	     0

