COMMAND LINE: [-Djava.library.path=/home/y/lib64, -XX:+UseConcMarkSweepGC, -Xmx8G]
Conf: {}

           Test Name	  Num	     Iterations	          Time ns	       Throughput	  GC	GC ms	  USR ms	  SYS ms	JIT ms
           Q_WC_X_04	    1	      1,000,000	    4,915,494,926	          203,438	   7	   15	  19,060	   8,320	 1,102

           Q_WC_X_04	    2	      1,000,000	    5,463,254,369	          183,041	   7	    9	  19,990	   9,090	   341

           Q_WC_X_04	    3	      1,000,000	    5,111,310,274	          195,645	   7	    9	  18,890	   8,580	     1

           Q_WC_X_04	    4	      1,000,000	    4,926,584,029	          202,980	   7	    9	  19,440	   8,300	    35

           Q_WC_X_04	    5	      1,000,000	    4,559,343,255	          219,330	   7	    8	  18,090	   7,890	     0

           Q_WC_X_04	    6	      1,000,000	    4,187,800,787	          238,789	   7	    9	  17,440	   7,510	     0

           Q_WC_X_04	    7	      1,000,000	    4,755,463,877	          210,284	   7	    9	  18,410	   7,960	     0

           Q_WC_X_04	    8	      1,000,000	    4,477,083,216	          223,360	   7	    9	  18,270	   7,930	     0

           Q_WC_X_04	    9	      1,000,000	    4,852,524,525	          206,078	   7	   10	  19,010	   8,090	   108

           Q_WC_X_04	   10	      1,000,000	    4,770,019,947	          209,643	   7	    9	  18,530	   8,380	     0

COMMAND LINE: [-Djava.library.path=/home/y/lib64, -XX:+UseConcMarkSweepGC, -Xmx8G]
Conf: {Q.type=disruptor-latest}

           Test Name	  Num	     Iterations	          Time ns	       Throughput	  GC	GC ms	  USR ms	  SYS ms	JIT ms
           Q_WC_X_04	    1	      1,000,000	    4,793,804,509	          208,603	   7	   11	  20,610	   7,990	 1,126

           Q_WC_X_04	    2	      1,000,000	    4,057,556,797	          246,454	   7	   11	  16,960	   7,280	   491

           Q_WC_X_04	    3	      1,000,000	    4,344,290,660	          230,187	   7	   10	  16,920	   7,460	     0

           Q_WC_X_04	    4	      1,000,000	    4,485,587,771	          222,936	   7	   10	  17,490	   7,940	    40

           Q_WC_X_04	    5	      1,000,000	    4,237,296,435	          236,000	   7	    9	  17,270	   7,380	    49

           Q_WC_X_04	    6	      1,000,000	    4,666,317,406	          214,302	   7	    8	  17,740	   8,280	     1

           Q_WC_X_04	    7	      1,000,000	    4,417,452,864	          226,375	   7	    9	  17,580	   7,930	   104

           Q_WC_X_04	    8	      1,000,000	    4,547,676,506	          219,893	   7	    9	  16,890	   7,360	     0

           Q_WC_X_04	    9	      1,000,000	    4,285,293,879	          233,356	   7	    7	  17,400	   7,490	     0

           Q_WC_X_04	   10	      1,000,000	    5,378,371,732	          185,930	   7	    9	  19,820	   9,360	    41

COMMAND LINE: [-Djava.library.path=/home/y/lib64, -XX:+UseConcMarkSweepGC, -Xmx8G]
Conf: {Q.type=disruptor-latest, Q.disruptor.timeout=0}

           Test Name	  Num	     Iterations	          Time ns	       Throughput	  GC	GC ms	  USR ms	  SYS ms	JIT ms
           Q_WC_X_04	    1	      1,000,000	    4,290,671,509	          233,064	   7	   12	  17,780	   6,840	 1,023

           Q_WC_X_04	    2	      1,000,000	    4,494,629,937	          222,488	   7	   12	  18,310	   7,460	   269

           Q_WC_X_04	    3	      1,000,000	    4,332,290,457	          230,825	   7	    9	  17,770	   6,840	     0

           Q_WC_X_04	    4	      1,000,000	    4,316,287,013	          231,681	   7	    7	  17,390	   6,870	     0

           Q_WC_X_04	    5	      1,000,000	    4,944,525,000	          202,244	   7	    9	  18,310	   7,610	     0

           Q_WC_X_04	    6	      1,000,000	    4,819,396,845	          207,495	   7	    8	  18,640	   7,960	     0

           Q_WC_X_04	    7	      1,000,000	    4,454,185,529	          224,508	   7	    8	  17,520	   6,930	     0

           Q_WC_X_04	    8	      1,000,000	    5,066,609,371	          197,371	   7	   10	  18,540	   7,770	     0

           Q_WC_X_04	    9	      1,000,000	    5,263,031,450	          190,005	   7	    9	  18,570	   7,260	    43

           Q_WC_X_04	   10	      1,000,000	    4,187,903,430	          238,783	   7	    9	  16,520	   6,550	     0

COMMAND LINE: [-Djava.library.path=/home/y/lib64, -XX:+UseConcMarkSweepGC, -Xmx8G]
Conf: {Q.type=disruptor-latest, Q.disruptor.lite-blocking=true, Q.disruptor.timeout=0}

           Test Name	  Num	     Iterations	          Time ns	       Throughput	  GC	GC ms	  USR ms	  SYS ms	JIT ms
           Q_WC_X_04	    1	      1,000,000	    2,299,586,339	          434,861	   6	   17	  14,380	   2,380	 1,421

           Q_WC_X_04	    2	      1,000,000	    2,394,303,541	          417,658	   6	    8	  13,110	   2,460	   265

           Q_WC_X_04	    3	      1,000,000	    2,209,552,511	          452,580	   6	    8	  13,080	   2,120	    35

           Q_WC_X_04	    4	      1,000,000	    1,641,423,104	          609,227	   6	    7	  10,440	   1,770	     0

           Q_WC_X_04	    5	      1,000,000	    2,319,019,139	          431,217	   6	    8	  11,980	   2,340	    75

           Q_WC_X_04	    6	      1,000,000	    2,150,712,343	          464,962	   6	    8	  12,880	   2,370	     0

           Q_WC_X_04	    7	      1,000,000	    2,109,665,074	          474,009	   6	    9	  12,520	   2,310	     1

           Q_WC_X_04	    8	      1,000,000	    1,974,758,176	          506,391	   6	    8	  12,190	   2,080	     0

           Q_WC_X_04	    9	      1,000,000	    2,219,920,519	          450,467	   6	    8	  13,070	   2,410	     0

           Q_WC_X_04	   10	      1,000,000	    2,544,553,188	          392,996	   6	    8	  13,800	   2,830	     0

COMMAND LINE: [-Djava.library.path=/home/y/lib64, -XX:+UseConcMarkSweepGC, -Xmx8G]
Conf: {Q.type=disruptor-latest, Q.disruptor.lite-blocking=true, Q.batch-size=100, Q.disruptor.timeout=0}

           Test Name	  Num	     Iterations	          Time ns	       Throughput	  GC	GC ms	  USR ms	  SYS ms	JIT ms
           Q_WC_X_04	    1	      1,000,000	      856,218,226	        1,167,927	   6	   16	       0	       0	   980

           Q_WC_X_04	    2	      1,000,000	      779,709,407	        1,282,529	   6	    7	       0	       0	   351

           Q_WC_X_04	    3	      1,000,000	      660,944,425	        1,512,987	   6	    8	       0	       0	     4

           Q_WC_X_04	    4	      1,000,000	      629,143,149	        1,589,463	   6	    9	       0	       0	    49

           Q_WC_X_04	    5	      1,000,000	      683,610,014	        1,462,822	   6	   12	  13,050	     350	   132

           Q_WC_X_04	    6	      1,000,000	      754,324,423	        1,325,690	   6	    9	       0	       0	     0

           Q_WC_X_04	    7	      1,000,000	      670,943,374	        1,490,439	   6	    8	       0	       0	     0

           Q_WC_X_04	    8	      1,000,000	      680,773,400	        1,468,918	   6	    9	  13,790	     310	     0

           Q_WC_X_04	    9	      1,000,000	      698,305,125	        1,432,039	   6	    7	       0	       0	     1

           Q_WC_X_04	   10	      1,000,000	      682,857,293	        1,464,435	   7	   11	   9,530	     200	    39

COMMAND LINE: [-Djava.library.path=/home/y/lib64, -XX:+UseConcMarkSweepGC, -Xmx8G]
Conf: {Q.type=disruptor-latest, Q.disruptor.lite-blocking=true, Q.batch-size=250, Q.disruptor.timeout=0}

           Test Name	  Num	     Iterations	          Time ns	       Throughput	  GC	GC ms	  USR ms	  SYS ms	JIT ms
           Q_WC_X_04	    1	      1,000,000	      727,043,618	        1,375,433	   6	   11	       0	       0	   991

           Q_WC_X_04	    2	      1,000,000	      747,629,331	        1,337,561	   6	    9	       0	       0	   616

           Q_WC_X_04	    3	      1,000,000	      591,859,695	        1,689,590	   6	   10	       0	       0	    34

           Q_WC_X_04	    4	      1,000,000	      578,416,186	        1,728,859	   6	    9	       0	       0	    34

           Q_WC_X_04	    5	      1,000,000	      588,016,224	        1,700,633	   6	    8	       0	       0	     0

           Q_WC_X_04	    6	      1,000,000	      578,425,466	        1,728,831	   6	   12	       0	       0	     0

           Q_WC_X_04	    7	      1,000,000	      577,794,501	        1,730,719	   6	   10	       0	       0	     1

           Q_WC_X_04	    8	      1,000,000	      544,312,082	        1,837,181	   6	    9	       0	       0	    76

           Q_WC_X_04	    9	      1,000,000	      573,232,540	        1,744,493	   6	   13	  15,500	     250	     3

           Q_WC_X_04	   10	      1,000,000	      695,365,150	        1,438,093	   7	   11	       0	       0	   213

COMMAND LINE: [-Djava.library.path=/home/y/lib64, -XX:+UseConcMarkSweepGC, -Xmx8G]
Conf: {Q.type=disruptor-latest, Q.disruptor.lite-blocking=true, Q.batch-size=500, Q.disruptor.timeout=0}

           Test Name	  Num	     Iterations	          Time ns	       Throughput	  GC	GC ms	  USR ms	  SYS ms	JIT ms
           Q_WC_X_04	    1	      1,000,000	      841,156,326	        1,188,840	   6	   14	       0	       0	 1,127

           Q_WC_X_04	    2	      1,000,000	      850,683,351	        1,175,526	   6	   11	  10,480	     270	   556

           Q_WC_X_04	    3	      1,000,000	      634,186,132	        1,576,824	   6	   10	       0	       0	   104

           Q_WC_X_04	    4	      1,000,000	      632,121,811	        1,581,974	   6	   10	       0	       0	    83

           Q_WC_X_04	    5	      1,000,000	      659,892,598	        1,515,398	   6	    9	  11,080	     250	     0

           Q_WC_X_04	    6	      1,000,000	      644,494,733	        1,551,603	   6	   11	       0	       0	    80

           Q_WC_X_04	    7	      1,000,000	      648,410,858	        1,542,232	   6	    9	   7,420	     170	     0

           Q_WC_X_04	    8	      1,000,000	      632,163,292	        1,581,870	   6	    9	       0	       0	     0

           Q_WC_X_04	    9	      1,000,000	      655,277,862	        1,526,070	   6	    9	       0	       0	     0

           Q_WC_X_04	   10	      1,000,000	      743,223,934	        1,345,490	   7	   15	  11,810	     250	   129

COMMAND LINE: [-Djava.library.path=/home/y/lib64, -XX:+UseConcMarkSweepGC, -Xmx8G]
Conf: {Q.batch-size=100}

           Test Name	  Num	     Iterations	          Time ns	       Throughput	  GC	GC ms	  USR ms	  SYS ms	JIT ms
           Q_WC_X_04	    1	      1,000,000	      806,409,800	        1,240,064	   6	   10	       0	       0	 1,007

           Q_WC_X_04	    2	      1,000,000	      880,047,260	        1,136,303	   6	    8	  11,970	     380	   876

           Q_WC_X_04	    3	      1,000,000	      649,046,035	        1,540,723	   6	    9	       0	       0	   114

           Q_WC_X_04	    4	      1,000,000	      712,532,474	        1,403,445	   6	   10	       0	       0	    71

           Q_WC_X_04	    5	      1,000,000	      622,985,804	        1,605,173	   6	    9	  13,070	     470	     0

           Q_WC_X_04	    6	      1,000,000	      655,491,895	        1,525,572	   6	    9	       0	       0	   143

           Q_WC_X_04	    7	      1,000,000	      668,850,034	        1,495,103	   6	    8	   8,450	     320	     0

           Q_WC_X_04	    8	      1,000,000	      623,756,154	        1,603,191	   6	    9	       0	       0	     2

           Q_WC_X_04	    9	      1,000,000	      688,493,049	        1,452,447	   6	    9	       0	       0	   170

           Q_WC_X_04	   10	      1,000,000	      745,869,841	        1,340,716	   7	   10	  13,440	     450	    26

COMMAND LINE: [-Djava.library.path=/home/y/lib64, -XX:+UseConcMarkSweepGC, -Xmx8G]
Conf: {Q.batch-size=250}

           Test Name	  Num	     Iterations	          Time ns	       Throughput	  GC	GC ms	  USR ms	  SYS ms	JIT ms
           Q_WC_X_04	    1	      1,000,000	      795,438,522	        1,257,168	   6	    9	       0	       0	 1,079

           Q_WC_X_04	    2	      1,000,000	      712,427,771	        1,403,651	   6	   10	  10,290	     250	   447

           Q_WC_X_04	    3	      1,000,000	      642,368,769	        1,556,738	   6	   12	       0	       0	   136

           Q_WC_X_04	    4	      1,000,000	      678,676,534	        1,473,456	   6	    9	       0	       0	   107

           Q_WC_X_04	    5	      1,000,000	      599,388,885	        1,668,366	   6	   12	  12,710	     250	     0

           Q_WC_X_04	    6	      1,000,000	      618,976,927	        1,615,569	   6	    9	       0	       0	   346

           Q_WC_X_04	    7	      1,000,000	      566,328,678	        1,765,759	   6	    9	       0	       0	     0

           Q_WC_X_04	    8	      1,000,000	      629,110,059	        1,589,547	   6	   12	  11,650	     240	     1

           Q_WC_X_04	    9	      1,000,000	      558,504,776	        1,790,495	   6	   10	       0	       0	     0

           Q_WC_X_04	   10	      1,000,000	      566,108,810	        1,766,445	   7	   12	       0	       0	   111

COMMAND LINE: [-Djava.library.path=/home/y/lib64, -XX:+UseConcMarkSweepGC, -Xmx8G]
Conf: {Q.batch-size=500}

           Test Name	  Num	     Iterations	          Time ns	       Throughput	  GC	GC ms	  USR ms	  SYS ms	JIT ms
           Q_WC_X_04	    1	      1,000,000	      920,830,102	        1,085,977	   6	   12	       0	       0	 1,291

           Q_WC_X_04	    2	      1,000,000	      829,128,281	        1,206,086	   6	   10	       0	       0	   725

           Q_WC_X_04	    3	      1,000,000	      678,331,962	        1,474,204	   6	    9	       0	       0	   153

           Q_WC_X_04	    4	      1,000,000	      651,744,142	        1,534,344	   6	    9	       0	       0	    39

           Q_WC_X_04	    5	      1,000,000	      645,482,696	        1,549,228	   6	   11	  11,410	     300	     9

           Q_WC_X_04	    6	      1,000,000	      641,677,254	        1,558,416	   6	   10	       0	       0	   300

           Q_WC_X_04	    7	      1,000,000	      646,445,961	        1,546,920	   6	   13	       0	       0	     1

           Q_WC_X_04	    8	      1,000,000	      651,262,188	        1,535,480	   6	    9	  11,100	     290	     1

           Q_WC_X_04	    9	      1,000,000	      642,482,617	        1,556,462	   6	   10	       0	       0	    65

           Q_WC_X_04	   10	      1,000,000	      705,686,543	        1,417,060	   7	   11	       0	       0	    83

