COMMAND LINE: [-Djava.library.path=/home/y/lib64, -XX:+UseConcMarkSweepGC, -Xmx8G]
Conf: {}

           Test Name	  Num	     Iterations	          Time ns	       Throughput	  GC	GC ms	  USR ms	  SYS ms	JIT ms	    min latency	   latency 50th	   latency 90th	   latency 99th	    max latency
           Q_WC_X_32	    1	      1,000,000	    2,305,065,036	          433,827	   8	   15	  20,910	  11,780	 3,889	          4,238	        131,687	      1,035,191	      4,942,086	     20,247,106

           Q_WC_X_32	    2	      1,000,000	    1,954,136,746	          511,735	   6	   11	  16,440	  11,430	   428	          2,877	         74,718	        396,086	      1,243,412	     13,036,359

           Q_WC_X_32	    3	      1,000,000	    2,087,395,095	          479,066	   6	   10	  16,530	  12,480	     0	          3,343	         58,274	        299,273	        692,674	      2,394,967

           Q_WC_X_32	    4	      1,000,000	    1,995,712,245	          501,074	   6	   10	  15,790	  11,330	   194	          3,360	         62,263	        283,444	        628,376	      1,964,843

           Q_WC_X_32	    5	      1,000,000	    1,805,377,180	          553,901	   6	   10	  15,100	  10,720	   191	          2,954	         60,292	        275,284	        647,152	      8,722,608

           Q_WC_X_32	    6	      1,000,000	    1,845,039,526	          541,994	   6	    8	  15,400	  10,770	   114	          2,734	         58,819	        272,202	        603,616	      1,779,142

           Q_WC_X_32	    7	      1,000,000	    1,809,975,257	          552,494	   6	    8	  15,270	  10,770	   128	          2,612	         59,890	        251,394	        530,927	      1,660,038

           Q_WC_X_32	    8	      1,000,000	    1,954,108,645	          511,742	   6	    9	  15,490	  10,890	   185	          2,563	         57,616	        283,135	      1,218,386	     11,355,458

           Q_WC_X_32	    9	      1,000,000	    1,872,192,737	          534,133	   6	   10	  15,410	  10,940	     2	          3,445	         60,538	        283,471	        612,584	      1,418,084

           Q_WC_X_32	   10	      1,000,000	    1,789,450,858	          558,831	   6	   10	  15,120	  10,560	     0	          3,115	         60,537	        263,096	        570,287	      2,039,545

COMMAND LINE: [-Djava.library.path=/home/y/lib64, -XX:+UseConcMarkSweepGC, -Xmx8G]
Conf: {Q.type=disruptor-latest}

           Test Name	  Num	     Iterations	          Time ns	       Throughput	  GC	GC ms	  USR ms	  SYS ms	JIT ms	    min latency	   latency 50th	   latency 90th	   latency 99th	    max latency
           Q_WC_X_32	    1	      1,000,000	    2,134,651,566	          468,461	   8	   10	  18,630	  11,400	 3,279	          3,270	        110,563	        745,611	      3,732,414	     16,242,433

           Q_WC_X_32	    2	      1,000,000	    2,117,705,069	          472,209	   6	    8	  17,530	  12,160	   720	          2,964	         76,309	        408,062	      6,019,965	     18,653,773

           Q_WC_X_32	    3	      1,000,000	    1,713,797,907	          583,499	   6	    8	  14,550	  10,100	    55	          3,275	         63,456	        305,430	        907,981	      5,752,558

           Q_WC_X_32	    4	      1,000,000	    1,949,798,813	          512,873	   6	    8	  15,760	  11,480	   472	          2,306	         58,641	        248,252	        568,872	      7,775,205

           Q_WC_X_32	    5	      1,000,000	    2,167,036,997	          461,460	   6	    7	  16,690	  12,920	   194	          2,548	         59,478	        302,067	        623,194	      1,850,591

           Q_WC_X_32	    6	      1,000,000	    1,856,310,986	          538,703	   6	    8	  15,150	  10,940	    45	          2,062	         56,617	        270,521	        580,312	      1,354,752

           Q_WC_X_32	    7	      1,000,000	    1,740,994,504	          574,384	   6	    7	  14,570	  10,320	     2	          2,464	         57,964	        260,815	        587,469	      3,039,189

           Q_WC_X_32	    8	      1,000,000	    1,777,833,036	          562,483	   6	   10	  13,990	  10,050	   237	          2,404	         57,873	        258,889	        557,782	      1,517,505

           Q_WC_X_32	    9	      1,000,000	    1,707,187,740	          585,759	   6	    7	  14,340	  10,150	     0	          3,006	         57,433	        251,952	        538,605	      1,445,799

           Q_WC_X_32	   10	      1,000,000	    1,759,453,667	          568,358	   6	    8	  14,460	  10,480	     0	          2,639	         58,090	        259,247	        570,881	     10,086,667

COMMAND LINE: [-Djava.library.path=/home/y/lib64, -XX:+UseConcMarkSweepGC, -Xmx8G]
Conf: {Q.type=disruptor-latest, Q.disruptor.timeout=0}

           Test Name	  Num	     Iterations	          Time ns	       Throughput	  GC	GC ms	  USR ms	  SYS ms	JIT ms	    min latency	   latency 50th	   latency 90th	   latency 99th	    max latency
           Q_WC_X_32	    1	      1,000,000	    2,232,740,079	          447,880	   8	   17	  21,030	  10,200	 4,394	          3,395	        156,224	      1,406,294	      7,722,579	     22,029,014

           Q_WC_X_32	    2	      1,000,000	    1,928,678,245	          518,490	   6	   11	  15,640	  11,030	   962	          2,725	         81,046	        534,062	      6,139,852	     16,500,062

           Q_WC_X_32	    3	      1,000,000	    1,717,323,823	          582,301	   6	    8	  14,200	  10,250	     0	          2,593	         56,994	        255,362	        552,434	     10,542,803

           Q_WC_X_32	    4	      1,000,000	    2,015,765,125	          496,090	   6	   10	  14,930	  11,250	   557	          2,866	         51,762	        272,979	        673,997	      4,744,109

           Q_WC_X_32	    5	      1,000,000	    1,647,847,418	          606,852	   6	   10	       0	       0	   314	          2,361	         59,424	        243,289	        532,867	      1,880,107

           Q_WC_X_32	    6	      1,000,000	    1,761,215,248	          567,790	   6	    9	       0	       0	     0	          2,713	         58,309	        264,367	        634,157	      5,343,429

           Q_WC_X_32	    7	      1,000,000	    1,670,388,691	          598,663	   6	    9	  27,780	  20,350	     1	          2,679	         55,758	        237,289	        516,813	      9,278,915

           Q_WC_X_32	    8	      1,000,000	    1,643,201,230	          608,568	   6	   10	  13,690	   9,780	     1	          2,347	         55,582	        237,620	        522,436	     10,046,751

           Q_WC_X_32	    9	      1,000,000	    1,667,644,920	          599,648	   6	    9	  13,650	   9,750	     2	          2,523	         57,857	        252,364	        562,836	      1,556,995

           Q_WC_X_32	   10	      1,000,000	    1,674,009,214	          597,368	   6	    8	       0	       0	     0	          2,493	         60,449	        258,537	        556,072	     10,988,350

COMMAND LINE: [-Djava.library.path=/home/y/lib64, -XX:+UseConcMarkSweepGC, -Xmx8G]
Conf: {Q.type=disruptor-latest, Q.disruptor.lite-blocking=true, Q.disruptor.timeout=0}

           Test Name	  Num	     Iterations	          Time ns	       Throughput	  GC	GC ms	  USR ms	  SYS ms	JIT ms	    min latency	   latency 50th	   latency 90th	   latency 99th	    max latency
           Q_WC_X_32	    1	      1,000,000	    1,864,475,042	          536,344	   8	   15	  18,680	   6,130	 4,936	          2,863	        301,955	      4,000,006	     12,293,971	     42,574,767

           Q_WC_X_32	    2	      1,000,000	    1,366,635,614	          731,724	   6	   12	       0	       0	   345	          2,742	        191,484	      1,400,465	      5,140,389	     26,079,743

           Q_WC_X_32	    3	      1,000,000	    1,315,604,428	          760,107	   6	    9	  24,470	  10,040	    12	          2,706	        160,957	        811,102	      3,806,578	     15,081,176

           Q_WC_X_32	    4	      1,000,000	    1,332,884,966	          750,252	   6	   11	       0	       0	   326	          2,943	         75,183	        738,585	      2,695,621	     13,119,940

           Q_WC_X_32	    5	      1,000,000	    1,353,995,260	          738,555	   6	   11	  24,010	  10,870	     3	          2,400	        158,118	        691,253	      2,609,466	     10,756,315

           Q_WC_X_32	    6	      1,000,000	    1,319,619,963	          757,794	   6	   12	       0	       0	    96	          2,453	        138,172	        720,034	      2,299,375	      9,542,403

           Q_WC_X_32	    7	      1,000,000	    1,356,371,431	          737,261	   6	   11	  23,590	  10,220	     1	          2,605	         95,266	        708,347	      1,464,452	     12,630,548

           Q_WC_X_32	    8	      1,000,000	    1,340,366,618	          746,065	   6	   10	       0	       0	     0	          2,453	        146,927	        811,124	      3,621,397	     18,890,938

           Q_WC_X_32	    9	      1,000,000	    1,353,004,902	          739,096	   6	   10	  23,810	  10,560	     0	          2,114	        201,690	        761,238	      3,401,010	     13,344,442

           Q_WC_X_32	   10	      1,000,000	    1,371,531,878	          729,112	   6	   13	       0	       0	     0	          2,379	        225,574	        828,950	      2,177,517	     12,821,946

COMMAND LINE: [-Djava.library.path=/home/y/lib64, -XX:+UseConcMarkSweepGC, -Xmx8G]
Conf: {Q.type=disruptor-latest, Q.disruptor.lite-blocking=true, Q.batch-size=100, Q.disruptor.timeout=0}

           Test Name	  Num	     Iterations	          Time ns	       Throughput	  GC	GC ms	  USR ms	  SYS ms	JIT ms	    min latency	   latency 50th	   latency 90th	   latency 99th	    max latency
           Q_WC_X_32	    1	      1,000,000	    1,338,741,615	          746,970	   8	   22	  18,360	     830	 5,903	         11,869	        865,565	      6,803,348	     36,231,740	     91,708,849

           Q_WC_X_32	    2	      1,000,000	      813,542,287	        1,229,192	   7	   19	       0	       0	   649	         19,393	        661,845	      1,139,851	      4,822,094	     42,181,351

           Q_WC_X_32	    3	      1,000,000	      513,026,236	        1,949,218	   7	   17	       0	       0	     7	         26,226	        840,326	      1,691,992	      3,486,238	      8,909,120

           Q_WC_X_32	    4	      1,000,000	      562,764,563	        1,776,942	   7	   20	       0	       0	   248	         13,825	        722,755	      1,280,743	      2,894,714	     12,237,621

           Q_WC_X_32	    5	      1,000,000	      525,996,488	        1,901,153	   7	   16	       0	       0	   250	         17,883	        770,881	      1,526,171	      6,766,857	     10,086,849

           Q_WC_X_32	    6	      1,000,000	      517,786,921	        1,931,296	   7	   19	       0	       0	     0	         26,411	        847,904	      1,795,305	      3,742,235	      6,522,990

           Q_WC_X_32	    7	      1,000,000	      520,383,072	        1,921,661	   7	   19	       0	       0	     2	         17,465	        802,994	      1,571,069	      3,018,836	      9,872,272

           Q_WC_X_32	    8	      1,000,000	      526,225,966	        1,900,324	   7	   19	       0	       0	   200	         19,568	        825,490	      1,858,942	      3,428,095	      8,731,606

           Q_WC_X_32	    9	      1,000,000	      512,237,020	        1,952,221	   7	   19	       0	       0	    27	         17,189	        774,384	      1,518,950	      4,039,180	     12,961,350

           Q_WC_X_32	   10	      1,000,000	      510,938,215	        1,957,184	   7	   19	       0	       0	     9	         16,469	        776,274	      1,473,158	      2,950,619	      7,438,332

COMMAND LINE: [-Djava.library.path=/home/y/lib64, -XX:+UseConcMarkSweepGC, -Xmx8G]
Conf: {Q.type=disruptor-latest, Q.disruptor.lite-blocking=true, Q.batch-size=250, Q.disruptor.timeout=0}

           Test Name	  Num	     Iterations	          Time ns	       Throughput	  GC	GC ms	  USR ms	  SYS ms	JIT ms	    min latency	   latency 50th	   latency 90th	   latency 99th	    max latency
           Q_WC_X_32	    1	      1,000,000	    1,708,344,980	          585,362	   8	   26	  24,330	   1,080	 9,781	         29,442	      1,061,659	      9,197,247	     38,402,222	    112,376,901

           Q_WC_X_32	    2	      1,000,000	      779,388,205	        1,283,058	   7	   22	       0	       0	   979	         27,244	        692,180	      1,521,631	      6,225,669	     48,071,519

           Q_WC_X_32	    3	      1,000,000	      551,088,135	        1,814,592	   7	   21	  18,390	     840	   104	         13,691	      1,077,102	      3,814,266	     10,536,638	     17,111,795

           Q_WC_X_32	    4	      1,000,000	      586,658,987	        1,704,568	   7	   21	       0	       0	     0	         18,537	        968,337	      2,737,491	      6,491,675	     20,315,864

           Q_WC_X_32	    5	      1,000,000	      511,344,594	        1,955,628	   7	   24	       0	       0	   180	         24,328	      1,050,243	      4,159,907	      9,824,454	     15,680,416

           Q_WC_X_32	    6	      1,000,000	      506,109,558	        1,975,857	   7	   24	  20,570	   1,350	     0	         26,989	        920,260	      2,261,771	      6,843,850	     14,612,810

           Q_WC_X_32	    7	      1,000,000	      513,983,735	        1,945,587	   7	   23	       0	       0	     1	         13,440	      1,039,408	      3,708,356	      9,301,754	     16,688,608

           Q_WC_X_32	    8	      1,000,000	      517,130,853	        1,933,747	   7	   20	       0	       0	    27	         15,366	        917,435	      2,569,343	      6,782,125	     18,371,715

           Q_WC_X_32	    9	      1,000,000	      517,952,735	        1,930,678	   7	   27	  19,780	   1,220	    24	         18,990	        903,774	      2,332,357	      6,839,407	     17,667,495

           Q_WC_X_32	   10	      1,000,000	      515,573,252	        1,939,589	   7	   23	       0	       0	     0	         17,086	      1,171,026	      4,885,073	      9,718,020	     17,090,134

COMMAND LINE: [-Djava.library.path=/home/y/lib64, -XX:+UseConcMarkSweepGC, -Xmx8G]
Conf: {Q.type=disruptor-latest, Q.disruptor.lite-blocking=true, Q.batch-size=500, Q.disruptor.timeout=0}

           Test Name	  Num	     Iterations	          Time ns	       Throughput	  GC	GC ms	  USR ms	  SYS ms	JIT ms	    min latency	   latency 50th	   latency 90th	   latency 99th	    max latency
           Q_WC_X_32	    1	      1,000,000	    1,342,837,049	          744,692	   8	   34	       0	       0	 5,750	         15,839	      1,340,703	     50,361,783	    132,014,557	    239,784,541

           Q_WC_X_32	    2	      1,000,000	      640,496,413	        1,561,289	   7	   24	  27,500	   1,360	   436	         18,967	        736,521	      1,521,762	      5,577,385	     50,709,698

           Q_WC_X_32	    3	      1,000,000	      536,724,788	        1,863,152	   7	   26	       0	       0	    56	         15,600	      1,012,566	      3,472,182	      9,099,915	     16,986,789

           Q_WC_X_32	    4	      1,000,000	      621,302,482	        1,609,522	   7	   28	       0	       0	    86	         24,054	      1,339,557	     10,772,696	     25,805,799	     46,687,984

           Q_WC_X_32	    5	      1,000,000	      544,504,341	        1,836,533	   7	   25	       0	       0	   213	         27,116	      2,263,686	     10,171,770	     21,382,571	     34,611,697

           Q_WC_X_32	    6	      1,000,000	      557,376,623	        1,794,119	   7	   31	       0	       0	     0	         21,833	      1,452,295	      5,227,790	     12,389,544	     25,368,083

           Q_WC_X_32	    7	      1,000,000	      520,210,091	        1,922,300	   7	   28	       0	       0	     2	         23,319	      1,064,947	      5,333,267	     13,420,180	     39,671,036

           Q_WC_X_32	    8	      1,000,000	      529,482,128	        1,888,638	   7	   28	       0	       0	    34	         12,643	        849,299	      2,106,426	      6,895,560	     19,374,173

           Q_WC_X_32	    9	      1,000,000	      525,222,222	        1,903,956	   7	   27	       0	       0	    94	         19,263	        972,915	      3,893,337	     15,392,111	     37,115,222

           Q_WC_X_32	   10	      1,000,000	      527,226,043	        1,896,720	   7	   26	       0	       0	     9	         21,020	      1,289,679	      3,899,503	      8,733,077	     20,533,321

COMMAND LINE: [-Djava.library.path=/home/y/lib64, -XX:+UseConcMarkSweepGC, -Xmx8G]
Conf: {Q.batch-size=100}

           Test Name	  Num	     Iterations	          Time ns	       Throughput	  GC	GC ms	  USR ms	  SYS ms	JIT ms	    min latency	   latency 50th	   latency 90th	   latency 99th	    max latency
