COMMAND LINE: [-Djava.library.path=/home/y/lib64, -XX:+UseConcMarkSweepGC, -Xmx8G]
Conf: {}

           Test Name	  Num	     Iterations	          Time ns	       Throughput	  GC	GC ms	  USR ms	  SYS ms	JIT ms
           Q_WC_X_08	    1	      1,000,000	    3,750,223,745	          266,651	   7	   14	  25,570	  13,190	 1,437

           Q_WC_X_08	    2	      1,000,000	    3,266,198,978	          306,166	   7	   14	  23,180	  12,530	   322

           Q_WC_X_08	    3	      1,000,000	    3,132,041,655	          319,281	   7	   12	  22,640	  12,000	     8

           Q_WC_X_08	    4	      1,000,000	    3,148,679,638	          317,593	   7	   11	  22,750	  12,160	     3

           Q_WC_X_08	    5	      1,000,000	    3,265,469,368	          306,235	   7	   11	  22,700	  12,210	     2

           Q_WC_X_08	    6	      1,000,000	    3,243,459,099	          308,313	   7	   13	  22,960	  12,300	     1

           Q_WC_X_08	    7	      1,000,000	    3,332,018,191	          300,118	   7	   10	  22,200	  12,230	   156

           Q_WC_X_08	    8	      1,000,000	    3,212,618,336	          311,273	   7	    9	  22,720	  11,990	   105

           Q_WC_X_08	    9	      1,000,000	    3,169,866,237	          315,471	   7	    9	  22,850	  12,180	    52

           Q_WC_X_08	   10	      1,000,000	    3,273,173,371	          305,514	   7	    9	  23,070	  12,310	     0

COMMAND LINE: [-Djava.library.path=/home/y/lib64, -XX:+UseConcMarkSweepGC, -Xmx8G]
Conf: {Q.type=disruptor-latest}

           Test Name	  Num	     Iterations	          Time ns	       Throughput	  GC	GC ms	  USR ms	  SYS ms	JIT ms
           Q_WC_X_08	    1	      1,000,000	    3,673,650,114	          272,209	   7	   13	  23,680	  13,290	 1,498

           Q_WC_X_08	    2	      1,000,000	    3,094,769,901	          323,126	   7	   13	  21,330	  12,270	   282

           Q_WC_X_08	    3	      1,000,000	    2,999,314,326	          333,410	   7	   10	  19,420	  11,840	     1

           Q_WC_X_08	    4	      1,000,000	    2,911,575,034	          343,457	   7	   11	  20,600	  11,670	     0

           Q_WC_X_08	    5	      1,000,000	    3,036,799,703	          329,294	   7	    7	  20,420	  12,100	     0

           Q_WC_X_08	    6	      1,000,000	    2,998,926,910	          333,453	   7	    8	  20,740	  11,950	     0

           Q_WC_X_08	    7	      1,000,000	    2,939,742,692	          340,166	   7	    7	  21,060	  11,690	    76

           Q_WC_X_08	    8	      1,000,000	    2,969,803,625	          336,723	   7	    8	  20,690	  11,790	    50

           Q_WC_X_08	    9	      1,000,000	    3,028,002,904	          330,251	   7	    8	  20,270	  11,910	     0

           Q_WC_X_08	   10	      1,000,000	    2,999,722,010	          333,364	   7	    8	  20,990	  12,360	     0

COMMAND LINE: [-Djava.library.path=/home/y/lib64, -XX:+UseConcMarkSweepGC, -Xmx8G]
Conf: {Q.type=disruptor-latest, Q.disruptor.timeout=0}

           Test Name	  Num	     Iterations	          Time ns	       Throughput	  GC	GC ms	  USR ms	  SYS ms	JIT ms
           Q_WC_X_08	    1	      1,000,000	    3,137,121,784	          318,764	   7	   20	  22,560	  11,090	 1,368

           Q_WC_X_08	    2	      1,000,000	    3,041,732,332	          328,760	   7	   11	  21,690	  11,050	   449

           Q_WC_X_08	    3	      1,000,000	    2,906,283,645	          344,082	   7	   11	  20,580	  11,080	     6

           Q_WC_X_08	    4	      1,000,000	    2,898,252,554	          345,035	   7	   11	  21,320	  10,340	     8

           Q_WC_X_08	    5	      1,000,000	    2,937,107,799	          340,471	   7	   10	  20,730	  10,460	    56

           Q_WC_X_08	    6	      1,000,000	    2,985,751,782	          334,924	   7	   10	  20,170	  10,510	     0

           Q_WC_X_08	    7	      1,000,000	    2,903,711,274	          344,387	   7	   10	  20,860	  10,300	     3

           Q_WC_X_08	    8	      1,000,000	    2,810,565,491	          355,800	   7	    9	  21,000	  10,240	    49

           Q_WC_X_08	    9	      1,000,000	    2,894,393,468	          345,496	   7	    9	  20,890	  10,270	    52

           Q_WC_X_08	   10	      1,000,000	    3,247,670,312	          307,913	   7	    9	  22,610	  11,320	     0

COMMAND LINE: [-Djava.library.path=/home/y/lib64, -XX:+UseConcMarkSweepGC, -Xmx8G]
Conf: {Q.type=disruptor-latest, Q.disruptor.lite-blocking=true, Q.disruptor.timeout=0}

           Test Name	  Num	     Iterations	          Time ns	       Throughput	  GC	GC ms	  USR ms	  SYS ms	JIT ms
           Q_WC_X_08	    1	      1,000,000	    1,386,864,196	          721,051	   7	   18	  16,250	   2,830	 2,161

           Q_WC_X_08	    2	      1,000,000	    1,247,667,798	          801,495	   6	    8	       0	       0	   222

           Q_WC_X_08	    3	      1,000,000	    1,277,856,627	          782,560	   6	    8	  27,020	   6,090	     2

           Q_WC_X_08	    4	      1,000,000	    1,208,037,940	          827,789	   6	    8	  13,500	   3,070	     0

           Q_WC_X_08	    5	      1,000,000	    1,185,829,790	          843,291	   6	    8	       0	       0	    25

           Q_WC_X_08	    6	      1,000,000	    1,207,288,377	          828,303	   6	    9	  25,970	   5,400	     0

           Q_WC_X_08	    7	      1,000,000	    1,317,618,161	          758,945	   6	    7	  13,440	   2,850	     0

           Q_WC_X_08	    8	      1,000,000	    1,309,179,717	          763,837	   6	    8	       0	       0	   111

           Q_WC_X_08	    9	      1,000,000	    1,331,414,577	          751,081	   6	    7	  28,370	   6,400	     0

           Q_WC_X_08	   10	      1,000,000	    1,312,664,932	          761,809	   6	    8	  14,250	   2,990	    90

COMMAND LINE: [-Djava.library.path=/home/y/lib64, -XX:+UseConcMarkSweepGC, -Xmx8G]
Conf: {Q.type=disruptor-latest, Q.disruptor.lite-blocking=true, Q.batch-size=100, Q.disruptor.timeout=0}

           Test Name	  Num	     Iterations	          Time ns	       Throughput	  GC	GC ms	  USR ms	  SYS ms	JIT ms
           Q_WC_X_08	    1	      1,000,000	      794,928,440	        1,257,975	   7	   13	       0	       0	 2,320

           Q_WC_X_08	    2	      1,000,000	      577,075,933	        1,732,874	   6	   10	  15,680	     480	   276

           Q_WC_X_08	    3	      1,000,000	      436,328,966	        2,291,849	   6	   10	       0	       0	    47

           Q_WC_X_08	    4	      1,000,000	      447,314,015	        2,235,566	   6	   10	       0	       0	     1

           Q_WC_X_08	    5	      1,000,000	      526,322,825	        1,899,975	   7	   10	       0	       0	   105

           Q_WC_X_08	    6	      1,000,000	      492,507,525	        2,030,426	   7	   11	  21,420	     680	     1

           Q_WC_X_08	    7	      1,000,000	      475,936,732	        2,101,120	   7	   11	       0	       0	    15

           Q_WC_X_08	    8	      1,000,000	      469,864,877	        2,128,271	   7	   11	       0	       0	     6

           Q_WC_X_08	    9	      1,000,000	      509,099,940	        1,964,251	   7	   11	  16,820	     480	   101

           Q_WC_X_08	   10	      1,000,000	      507,345,272	        1,971,044	   7	   10	       0	       0	   330

COMMAND LINE: [-Djava.library.path=/home/y/lib64, -XX:+UseConcMarkSweepGC, -Xmx8G]
Conf: {Q.type=disruptor-latest, Q.disruptor.lite-blocking=true, Q.batch-size=250, Q.disruptor.timeout=0}

           Test Name	  Num	     Iterations	          Time ns	       Throughput	  GC	GC ms	  USR ms	  SYS ms	JIT ms
           Q_WC_X_08	    1	      1,000,000	      796,355,359	        1,255,721	   7	   17	       0	       0	 2,002

           Q_WC_X_08	    2	      1,000,000	      549,647,623	        1,819,347	   6	   10	  14,480	     370	   308

           Q_WC_X_08	    3	      1,000,000	      466,372,941	        2,144,207	   6	   11	       0	       0	    12

           Q_WC_X_08	    4	      1,000,000	      466,624,660	        2,143,050	   6	   11	       0	       0	     0

           Q_WC_X_08	    5	      1,000,000	      551,013,757	        1,814,837	   7	   11	  14,730	     460	    32

           Q_WC_X_08	    6	      1,000,000	      526,224,664	        1,900,329	   7	   12	       0	       0	     2

           Q_WC_X_08	    7	      1,000,000	      519,057,321	        1,926,569	   7	   12	       0	       0	    15

           Q_WC_X_08	    8	      1,000,000	      487,893,620	        2,049,627	   7	   13	       0	       0	     5

           Q_WC_X_08	    9	      1,000,000	      505,316,916	        1,978,956	   7	   13	       0	       0	     0

           Q_WC_X_08	   10	      1,000,000	      523,275,014	        1,911,041	   7	   12	       0	       0	   367

COMMAND LINE: [-Djava.library.path=/home/y/lib64, -XX:+UseConcMarkSweepGC, -Xmx8G]
Conf: {Q.type=disruptor-latest, Q.disruptor.lite-blocking=true, Q.batch-size=500, Q.disruptor.timeout=0}

           Test Name	  Num	     Iterations	          Time ns	       Throughput	  GC	GC ms	  USR ms	  SYS ms	JIT ms
           Q_WC_X_08	    1	      1,000,000	      795,394,193	        1,257,238	   7	   16	       0	       0	 1,930

           Q_WC_X_08	    2	      1,000,000	      564,007,521	        1,773,026	   6	   10	       0	       0	   201

           Q_WC_X_08	    3	      1,000,000	      483,703,591	        2,067,382	   6	   11	       0	       0	     2

           Q_WC_X_08	    4	      1,000,000	      488,716,818	        2,046,175	   6	   13	       0	       0	     0

           Q_WC_X_08	    5	      1,000,000	      558,195,243	        1,791,488	   7	   12	       0	       0	    31

           Q_WC_X_08	    6	      1,000,000	      509,071,416	        1,964,361	   7	   14	  18,580	     660	     2

           Q_WC_X_08	    7	      1,000,000	      543,566,118	        1,839,703	   7	   12	       0	       0	    10

           Q_WC_X_08	    8	      1,000,000	      530,380,409	        1,885,439	   7	   13	       0	       0	     5

           Q_WC_X_08	    9	      1,000,000	      534,366,435	        1,871,375	   7	   12	  14,590	     500	    84

           Q_WC_X_08	   10	      1,000,000	      536,882,723	        1,862,604	   7	   13	       0	       0	   250

COMMAND LINE: [-Djava.library.path=/home/y/lib64, -XX:+UseConcMarkSweepGC, -Xmx8G]
Conf: {Q.batch-size=100}

           Test Name	  Num	     Iterations	          Time ns	       Throughput	  GC	GC ms	  USR ms	  SYS ms	JIT ms
           Q_WC_X_08	    1	      1,000,000	      895,068,967	        1,117,232	   7	   16	       0	       0	 2,309

           Q_WC_X_08	    2	      1,000,000	      529,519,390	        1,888,505	   6	   13	       0	       0	   277

           Q_WC_X_08	    3	      1,000,000	      534,315,828	        1,871,552	   6	   11	  22,660	     670	   125

           Q_WC_X_08	    4	      1,000,000	      456,073,857	        2,192,627	   6	   11	       0	       0	     2

           Q_WC_X_08	    5	      1,000,000	      580,057,483	        1,723,967	   7	   13	       0	       0	   104

           Q_WC_X_08	    6	      1,000,000	      539,961,183	        1,851,985	   7	   12	  17,100	     580	     0

           Q_WC_X_08	    7	      1,000,000	      539,720,060	        1,852,812	   7	   11	       0	       0	    16

           Q_WC_X_08	    8	      1,000,000	      527,552,390	        1,895,546	   7	   12	       0	       0	     1

           Q_WC_X_08	    9	      1,000,000	      549,576,413	        1,819,583	   7	   13	  17,280	     580	     2

           Q_WC_X_08	   10	      1,000,000	      536,686,709	        1,863,284	   7	   12	       0	       0	   176

COMMAND LINE: [-Djava.library.path=/home/y/lib64, -XX:+UseConcMarkSweepGC, -Xmx8G]
Conf: {Q.batch-size=250}

           Test Name	  Num	     Iterations	          Time ns	       Throughput	  GC	GC ms	  USR ms	  SYS ms	JIT ms
           Q_WC_X_08	    1	      1,000,000	      987,986,240	        1,012,160	   7	   16	       0	       0	 2,776

           Q_WC_X_08	    2	      1,000,000	      564,700,362	        1,770,851	   6	   10	       0	       0	   270

           Q_WC_X_08	    3	      1,000,000	      490,818,585	        2,037,413	   6	   10	  20,950	     630	   236

           Q_WC_X_08	    4	      1,000,000	      497,908,654	        2,008,401	   6	   10	       0	       0	    12

           Q_WC_X_08	    5	      1,000,000	      562,840,659	        1,776,702	   7	   12	       0	       0	    27

           Q_WC_X_08	    6	      1,000,000	      538,138,627	        1,858,257	   7	   12	  15,330	     480	     2

           Q_WC_X_08	    7	      1,000,000	      624,238,034	        1,601,953	   7	   12	       0	       0	    94

           Q_WC_X_08	    8	      1,000,000	      577,682,868	        1,731,054	   7	   11	       0	       0	     8

           Q_WC_X_08	    9	      1,000,000	      570,554,311	        1,752,682	   7	   12	  16,420	     580	     2

           Q_WC_X_08	   10	      1,000,000	      553,639,326	        1,806,230	   7	   12	       0	       0	   418

COMMAND LINE: [-Djava.library.path=/home/y/lib64, -XX:+UseConcMarkSweepGC, -Xmx8G]
Conf: {Q.batch-size=500}

           Test Name	  Num	     Iterations	          Time ns	       Throughput	  GC	GC ms	  USR ms	  SYS ms	JIT ms
           Q_WC_X_08	    1	      1,000,000	      943,842,421	        1,059,499	   7	   17	       0	       0	 2,268

           Q_WC_X_08	    2	      1,000,000	      627,349,762	        1,594,007	   6	   10	       0	       0	   338

           Q_WC_X_08	    3	      1,000,000	      604,028,098	        1,655,552	   6	   11	       0	       0	    72

           Q_WC_X_08	    4	      1,000,000	      579,808,636	        1,724,707	   6	   12	       0	       0	     5

           Q_WC_X_08	    5	      1,000,000	      637,383,067	        1,568,915	   7	   13	  14,860	     590	   123

           Q_WC_X_08	    6	      1,000,000	      597,638,168	        1,673,253	   7	   12	       0	       0	     3

           Q_WC_X_08	    7	      1,000,000	      594,623,627	        1,681,736	   7	   14	       0	       0	     7

           Q_WC_X_08	    8	      1,000,000	      593,231,208	        1,685,683	   7	   14	  14,920	     540	     1

           Q_WC_X_08	    9	      1,000,000	      581,666,273	        1,719,199	   7	   12	       0	       0	     1

           Q_WC_X_08	   10	      1,000,000	      599,202,780	        1,668,884	   7	   13	       0	       0	   277

