COMMAND LINE: [-Djava.library.path=/home/y/lib64, -XX:+UseConcMarkSweepGC, -Xmx8G]
Conf: {}

           Test Name	  Num	     Iterations	          Time ns	       Throughput	  GC	GC ms	  USR ms	  SYS ms	JIT ms	    min latency	   latency 50th	   latency 90th	   latency 99th	    max latency
           Q_WC_X_04	    1	      1,000,000	    5,264,821,882	          189,940	   7	   15	  20,390	   8,870	 1,060	          1,510	         20,973	         45,969	         91,805	      6,894,698

           Q_WC_X_04	    2	      1,000,000	    4,910,203,794	          203,658	   7	    9	  18,780	   8,020	   533	          2,003	         17,657	         37,458	         62,705	     11,283,794

           Q_WC_X_04	    3	      1,000,000	    4,726,739,710	          211,562	   7	    9	  18,130	   8,410	    37	          1,763	         17,290	         37,806	         61,817	      1,775,755

           Q_WC_X_04	    4	      1,000,000	    4,650,260,881	          215,042	   7	    9	  18,210	   8,230	    34	          1,869	         16,175	         38,257	         64,023	      2,015,018

           Q_WC_X_04	    5	      1,000,000	    5,416,411,342	          184,624	   7	    9	  19,850	  10,100	     0	          1,755	         19,882	         42,353	         67,503	      1,470,947

           Q_WC_X_04	    6	      1,000,000	    5,110,508,050	          195,675	   7	    8	  20,100	   8,900	     0	          1,772	         20,735	         43,227	         68,497	      1,793,432

           Q_WC_X_04	    7	      1,000,000	    5,029,949,267	          198,809	   7	   10	  18,020	   8,910	    75	          1,570	         17,598	         38,874	         63,537	      2,442,569

           Q_WC_X_04	    8	      1,000,000	    4,613,203,723	          216,769	   7	    9	  18,110	   8,470	     0	          1,624	         18,514	         38,760	         61,676	      1,714,309

           Q_WC_X_04	    9	      1,000,000	    4,552,054,738	          219,681	   7	    8	  18,570	   8,160	    38	          1,781	         18,707	         38,616	         60,092	      1,400,179

           Q_WC_X_04	   10	      1,000,000	    4,640,886,978	          215,476	   7	    9	  18,010	   7,890	    34	          1,775	         15,084	         34,362	         57,072	      2,183,037

COMMAND LINE: [-Djava.library.path=/home/y/lib64, -XX:+UseConcMarkSweepGC, -Xmx8G]
Conf: {Q.type=disruptor-latest}

           Test Name	  Num	     Iterations	          Time ns	       Throughput	  GC	GC ms	  USR ms	  SYS ms	JIT ms	    min latency	   latency 50th	   latency 90th	   latency 99th	    max latency
           Q_WC_X_04	    1	      1,000,000	    4,334,136,822	          230,726	   7	   10	  18,740	   7,020	 1,225	          1,487	         19,818	         48,030	        500,712	      3,020,395

           Q_WC_X_04	    2	      1,000,000	    4,267,861,511	          234,309	   7	    9	  17,780	   7,320	   271	          1,668	         18,485	         40,590	         70,017	      8,872,274

           Q_WC_X_04	    3	      1,000,000	    4,611,096,752	          216,868	   7	    9	  17,310	   7,620	    69	          1,623	         16,396	         36,896	         61,083	      2,396,992

           Q_WC_X_04	    4	      1,000,000	    4,033,605,611	          247,917	   7	   10	  16,110	   6,430	    46	          1,674	         14,287	         33,418	         57,630	      1,726,725

           Q_WC_X_04	    5	      1,000,000	    4,620,413,407	          216,431	   7	    9	  17,430	   7,540	     0	          1,462	         16,591	         36,546	         59,267	      1,517,918

           Q_WC_X_04	    6	      1,000,000	    4,217,258,371	          237,121	   7	    9	  16,820	   7,430	    43	          1,500	         16,620	         35,803	         57,534	      1,497,264

           Q_WC_X_04	    7	      1,000,000	    4,553,946,218	          219,590	   7	    8	  17,450	   7,630	    39	          1,457	         16,912	         36,780	         60,633	        825,882

           Q_WC_X_04	    8	      1,000,000	    4,497,468,139	          222,347	   7	    9	  17,750	   7,440	     0	          1,547	         17,598	         37,811	         60,107	        333,900

           Q_WC_X_04	    9	      1,000,000	    4,284,802,340	          233,383	   7	   10	  16,560	   7,020	     0	          1,526	         14,813	         34,767	         70,581	      2,793,669

           Q_WC_X_04	   10	      1,000,000	    4,431,535,519	          225,655	   7	    8	  18,130	   7,140	    45	          1,558	         17,431	         37,736	         60,816	      1,549,763

COMMAND LINE: [-Djava.library.path=/home/y/lib64, -XX:+UseConcMarkSweepGC, -Xmx8G]
Conf: {Q.type=disruptor-latest, Q.disruptor.timeout=0}

           Test Name	  Num	     Iterations	          Time ns	       Throughput	  GC	GC ms	  USR ms	  SYS ms	JIT ms	    min latency	   latency 50th	   latency 90th	   latency 99th	    max latency
           Q_WC_X_04	    1	      1,000,000	    4,365,750,934	          229,056	   7	   12	  18,610	   7,200	 1,012	          1,711	         20,074	         45,491	        118,631	      4,953,469

           Q_WC_X_04	    2	      1,000,000	    4,356,750,583	          229,529	   7	   10	  18,340	   7,380	   326	          1,445	         18,987	         40,761	         68,287	      4,394,803

           Q_WC_X_04	    3	      1,000,000	    4,116,911,882	          242,901	   7	   10	  17,300	   6,800	    76	          1,595	         16,794	         35,423	         56,034	      1,553,388

           Q_WC_X_04	    4	      1,000,000	    4,571,312,692	          218,756	   7	    9	  17,290	   7,230	    41	          1,574	         15,710	         35,068	         56,909	        295,132

           Q_WC_X_04	    5	      1,000,000	    3,911,055,283	          255,685	   7	    8	  15,890	   6,710	     0	          1,547	         16,482	         36,294	         58,476	      1,389,339

           Q_WC_X_04	    6	      1,000,000	    3,956,817,659	          252,728	   7	   10	  16,010	   6,260	     0	          1,586	         15,927	         36,465	         64,075	      4,318,083

           Q_WC_X_04	    7	      1,000,000	    4,555,982,110	          219,492	   7	    8	  17,810	   7,210	    38	          1,589	         17,109	         36,989	         59,749	      1,954,339

           Q_WC_X_04	    8	      1,000,000	    4,405,575,358	          226,985	   7	    9	  18,270	   7,260	     0	          1,467	         18,150	         37,187	         58,783	      1,532,514

           Q_WC_X_04	    9	      1,000,000	    4,470,556,425	          223,686	   7	    8	  18,460	   7,380	     0	          1,660	         18,684	         38,487	         61,384	      1,445,660

           Q_WC_X_04	   10	      1,000,000	    4,629,296,069	          216,016	   7	    8	  18,590	   7,510	    41	          1,515	         18,990	         39,948	         64,199	      4,094,056

COMMAND LINE: [-Djava.library.path=/home/y/lib64, -XX:+UseConcMarkSweepGC, -Xmx8G]
Conf: {Q.type=disruptor-latest, Q.disruptor.lite-blocking=true, Q.disruptor.timeout=0}

           Test Name	  Num	     Iterations	          Time ns	       Throughput	  GC	GC ms	  USR ms	  SYS ms	JIT ms	    min latency	   latency 50th	   latency 90th	   latency 99th	    max latency
           Q_WC_X_04	    1	      1,000,000	    2,405,713,092	          415,677	   6	    9	  14,860	   2,530	 1,533	          1,819	         12,021	         44,681	        763,230	      4,327,308

           Q_WC_X_04	    2	      1,000,000	    2,224,914,887	          449,455	   6	   10	  12,140	   2,250	   408	          1,656	         10,153	         23,939	         40,869	      1,969,007

           Q_WC_X_04	    3	      1,000,000	    2,162,187,689	          462,495	   6	    8	  11,880	   2,280	    90	          1,456	          9,300	         14,857	         20,605	      2,031,732

           Q_WC_X_04	    4	      1,000,000	    1,940,742,131	          515,267	   6	    8	  12,070	   2,070	    85	          2,141	         10,346	         15,565	         20,844	      1,131,001

           Q_WC_X_04	    5	      1,000,000	    1,937,741,048	          516,065	   6	    7	  12,130	   2,010	     0	          1,705	         10,123	         15,309	         20,281	        170,649

           Q_WC_X_04	    6	      1,000,000	    1,812,254,300	          551,799	   6	    8	  10,570	   1,750	     0	          1,454	          8,049	         14,126	         19,891	      2,548,898

           Q_WC_X_04	    7	      1,000,000	    1,757,631,896	          568,947	   6	    7	  10,900	   1,850	    90	          1,731	          9,253	         14,234	         19,295	      1,481,956

           Q_WC_X_04	    8	      1,000,000	    1,775,182,557	          563,322	   6	    8	  10,950	   1,870	     0	          1,383	          9,292	         14,842	         20,920	      2,184,217

           Q_WC_X_04	    9	      1,000,000	    2,004,129,191	          498,970	   6	    7	  12,210	   2,060	     0	          1,632	         10,199	         15,497	         20,640	      1,248,267

           Q_WC_X_04	   10	      1,000,000	    2,152,972,988	          464,474	   6	    7	  11,680	   2,420	     0	          2,194	          9,634	         15,449	         20,924	      1,724,428

COMMAND LINE: [-Djava.library.path=/home/y/lib64, -XX:+UseConcMarkSweepGC, -Xmx8G]
Conf: {Q.type=disruptor-latest, Q.disruptor.lite-blocking=true, Q.batch-size=100, Q.disruptor.timeout=0}

           Test Name	  Num	     Iterations	          Time ns	       Throughput	  GC	GC ms	  USR ms	  SYS ms	JIT ms	    min latency	   latency 50th	   latency 90th	   latency 99th	    max latency
           Q_WC_X_04	    1	      1,000,000	      830,117,415	        1,204,649	   6	    8	       0	       0	 1,181	         11,446	         85,857	        561,200	      1,814,979	      3,681,358

           Q_WC_X_04	    2	      1,000,000	      792,422,597	        1,261,953	   6	    9	  11,930	     280	   396	         11,877	         93,577	        376,165	        967,608	      3,205,620

           Q_WC_X_04	    3	      1,000,000	      636,212,383	        1,571,802	   6	   10	       0	       0	   211	         12,816	         64,218	        116,295	        182,290	      2,613,817

           Q_WC_X_04	    4	      1,000,000	      652,132,424	        1,533,431	   6	    9	   9,270	     250	   155	          4,836	         69,559	        121,867	        184,734	      2,318,233

           Q_WC_X_04	    5	      1,000,000	      630,824,130	        1,585,228	   6	    9	       0	       0	   112	          5,708	         91,626	        177,550	        238,501	      2,737,120

           Q_WC_X_04	    6	      1,000,000	      645,440,241	        1,549,330	   6	   10	       0	       0	     0	         12,355	         72,428	        123,856	        194,063	      2,541,460

           Q_WC_X_04	    7	      1,000,000	      659,533,756	        1,516,223	   6	    9	  13,520	     270	     0	          9,903	         66,808	        120,041	        222,058	      4,913,793

           Q_WC_X_04	    8	      1,000,000	      718,058,173	        1,392,645	   6	    9	       0	       0	     0	         10,255	         77,801	        134,088	        196,943	      1,749,812

           Q_WC_X_04	    9	      1,000,000	      686,600,331	        1,456,451	   6	    9	   9,150	     230	     1	         14,345	         70,434	        117,307	        171,907	      2,461,108

           Q_WC_X_04	   10	      1,000,000	      709,044,693	        1,410,348	   7	    9	       0	       0	   111	         11,398	         90,134	        176,989	        591,892	      2,324,990

COMMAND LINE: [-Djava.library.path=/home/y/lib64, -XX:+UseConcMarkSweepGC, -Xmx8G]
Conf: {Q.type=disruptor-latest, Q.disruptor.lite-blocking=true, Q.batch-size=250, Q.disruptor.timeout=0}

           Test Name	  Num	     Iterations	          Time ns	       Throughput	  GC	GC ms	  USR ms	  SYS ms	JIT ms	    min latency	   latency 50th	   latency 90th	   latency 99th	    max latency
           Q_WC_X_04	    1	      1,000,000	      782,758,971	        1,277,532	   6	   10	       0	       0	 1,160	         27,983	        212,609	        949,759	      2,027,330	      4,239,448

           Q_WC_X_04	    2	      1,000,000	      724,950,487	        1,379,405	   6	   12	       0	       0	   774	         12,709	        170,219	        735,444	      1,112,631	      3,191,386

           Q_WC_X_04	    3	      1,000,000	      580,067,795	        1,723,936	   6	    9	       0	       0	    97	         20,677	        144,031	        257,044	        401,080	      2,634,859

           Q_WC_X_04	    4	      1,000,000	      646,574,922	        1,546,611	   6	    9	       0	       0	    80	         17,121	        154,613	        277,274	        428,314	      1,872,977

           Q_WC_X_04	    5	      1,000,000	      577,801,758	        1,730,697	   6	    9	  11,710	     220	     6	         27,616	        144,689	        253,895	        368,254	      2,283,032

           Q_WC_X_04	    6	      1,000,000	      648,722,667	        1,541,491	   6	   11	       0	       0	    99	          4,634	        157,278	        277,497	        633,668	      3,266,245

           Q_WC_X_04	    7	      1,000,000	      607,489,290	        1,646,120	   6	    9	       0	       0	     0	          9,941	        156,118	        286,581	        719,952	      5,506,347

           Q_WC_X_04	    8	      1,000,000	      553,965,570	        1,805,166	   6	    8	  12,050	     210	     0	         24,185	        144,483	        254,420	        404,948	      2,418,299

           Q_WC_X_04	    9	      1,000,000	      557,208,702	        1,794,660	   6	    9	       0	       0	   153	         21,052	        149,421	        264,054	        401,485	      2,182,373

           Q_WC_X_04	   10	      1,000,000	      678,941,025	        1,472,882	   7	   11	       0	       0	   163	         22,387	        178,541	        585,830	      1,075,586	      2,627,083

COMMAND LINE: [-Djava.library.path=/home/y/lib64, -XX:+UseConcMarkSweepGC, -Xmx8G]
Conf: {Q.type=disruptor-latest, Q.disruptor.lite-blocking=true, Q.batch-size=500, Q.disruptor.timeout=0}

           Test Name	  Num	     Iterations	          Time ns	       Throughput	  GC	GC ms	  USR ms	  SYS ms	JIT ms	    min latency	   latency 50th	   latency 90th	   latency 99th	    max latency
           Q_WC_X_04	    1	      1,000,000	      858,691,104	        1,164,563	   6	   15	       0	       0	 1,160	         36,354	        343,747	      1,013,200	      2,970,076	      7,432,219

           Q_WC_X_04	    2	      1,000,000	      771,785,094	        1,295,697	   6	   11	       0	       0	   385	         18,966	        307,029	        788,723	      1,226,847	      3,141,791

           Q_WC_X_04	    3	      1,000,000	      652,547,537	        1,532,455	   6	   11	  14,470	     310	   131	          8,708	        275,397	        563,080	        968,990	      3,832,400

           Q_WC_X_04	    4	      1,000,000	      632,963,136	        1,579,871	   6	    9	       0	       0	   104	          4,889	        269,467	        545,117	        981,382	      2,491,819

           Q_WC_X_04	    5	      1,000,000	      653,679,963	        1,529,801	   6	   11	   7,590	     150	     0	         23,498	        264,176	        521,951	        846,934	      1,480,877

           Q_WC_X_04	    6	      1,000,000	      664,992,016	        1,503,777	   6	   13	       0	       0	     0	         31,771	        262,219	        523,280	      1,127,038	      4,305,750

           Q_WC_X_04	    7	      1,000,000	      635,500,020	        1,573,564	   6	    9	       0	       0	     0	         28,979	        279,260	        548,220	      1,970,063	      5,826,374

           Q_WC_X_04	    8	      1,000,000	      675,203,078	        1,481,036	   6	   11	  11,370	     260	     0	         15,406	        283,729	        579,630	      1,854,096	      3,393,591

           Q_WC_X_04	    9	      1,000,000	      641,238,188	        1,559,483	   6	    9	       0	       0	     1	         19,623	        270,519	        547,410	        986,447	      2,932,810

           Q_WC_X_04	   10	      1,000,000	      713,438,492	        1,401,663	   7	   12	   7,660	     190	   129	         24,838	        264,518	        547,414	      1,071,760	      3,047,099

COMMAND LINE: [-Djava.library.path=/home/y/lib64, -XX:+UseConcMarkSweepGC, -Xmx8G]
Conf: {Q.batch-size=100}

           Test Name	  Num	     Iterations	          Time ns	       Throughput	  GC	GC ms	  USR ms	  SYS ms	JIT ms	    min latency	   latency 50th	   latency 90th	   latency 99th	    max latency
           Q_WC_X_04	    1	      1,000,000	      881,969,566	        1,133,826	   7	   12	       0	       0	 1,215	          9,611	         98,160	        598,035	      1,544,557	      4,988,381

           Q_WC_X_04	    2	      1,000,000	      953,856,837	        1,048,375	   6	   10	  13,300	     430	   955	         13,701	         88,684	        462,505	      1,097,287	      3,039,432

           Q_WC_X_04	    3	      1,000,000	      674,614,052	        1,482,329	   6	    8	       0	       0	   231	          8,956	         76,712	        137,031	        215,458	      2,060,695

           Q_WC_X_04	    4	      1,000,000	      657,723,869	        1,520,395	   6	    9	   9,390	     240	   118	          2,880	         70,643	        121,955	        184,444	      2,519,093

           Q_WC_X_04	    5	      1,000,000	      707,979,688	        1,412,470	   6	   10	       0	       0	     0	         12,112	         71,146	        126,501	        196,478	      2,563,483

           Q_WC_X_04	    6	      1,000,000	      679,840,533	        1,470,933	   6	   10	       0	       0	    85	          4,320	         69,948	        122,753	        207,414	      3,443,847

           Q_WC_X_04	    7	      1,000,000	      723,495,452	        1,382,179	   6	    9	  13,570	     460	     0	          8,821	         65,694	        119,815	        187,598	      4,623,706

           Q_WC_X_04	    8	      1,000,000	      727,582,546	        1,374,414	   6	    9	       0	       0	     0	          9,694	         67,024	        122,892	        202,134	      2,077,908

           Q_WC_X_04	    9	      1,000,000	      700,562,670	        1,427,424	   6	    8	   9,100	     270	    79	         10,449	         74,266	        124,576	        180,812	      1,924,749

           Q_WC_X_04	   10	      1,000,000	      727,513,684	        1,374,545	   7	   10	       0	       0	   206	         10,578	         75,528	        139,576	        301,203	      2,003,149

COMMAND LINE: [-Djava.library.path=/home/y/lib64, -XX:+UseConcMarkSweepGC, -Xmx8G]
Conf: {Q.batch-size=250}

           Test Name	  Num	     Iterations	          Time ns	       Throughput	  GC	GC ms	  USR ms	  SYS ms	JIT ms	    min latency	   latency 50th	   latency 90th	   latency 99th	    max latency
           Q_WC_X_04	    1	      1,000,000	      856,103,385	        1,168,083	   7	   13	       0	       0	 1,266	         24,666	        196,332	        902,581	      1,829,509	      5,030,574

           Q_WC_X_04	    2	      1,000,000	      709,936,749	        1,408,576	   6	   11	  11,110	     310	   476	         21,007	        169,862	        469,564	      1,888,435	      3,873,380

           Q_WC_X_04	    3	      1,000,000	      747,693,476	        1,337,446	   6	   10	       0	       0	   485	          5,442	        201,837	        459,017	        894,427	      2,589,575

           Q_WC_X_04	    4	      1,000,000	      623,349,069	        1,604,238	   6	   10	       0	       0	    87	         23,230	        155,851	        274,718	        429,731	      2,742,493

           Q_WC_X_04	    5	      1,000,000	      609,655,508	        1,640,271	   6	   10	  13,520	     280	     1	         21,715	        152,745	        287,320	        456,099	      2,823,335

           Q_WC_X_04	    6	      1,000,000	      691,408,692	        1,446,323	   6	    8	       0	       0	    40	         14,408	        162,735	        286,693	        468,145	      4,889,083

           Q_WC_X_04	    7	      1,000,000	      608,505,751	        1,643,370	   6	   10	       0	       0	     0	         17,666	        154,897	        275,306	        579,713	      4,008,301

           Q_WC_X_04	    8	      1,000,000	      626,361,733	        1,596,522	   6	    8	  12,370	     240	     0	         11,620	        159,958	        282,931	        454,789	      2,174,519

           Q_WC_X_04	    9	      1,000,000	      626,144,422	        1,597,076	   6	   10	       0	       0	     0	         11,116	        154,364	        273,524	        409,196	      2,605,268

           Q_WC_X_04	   10	      1,000,000	      702,869,169	        1,422,740	   7	   11	   8,770	     160	   155	         21,340	        178,272	        333,402	        914,069	      2,697,651

COMMAND LINE: [-Djava.library.path=/home/y/lib64, -XX:+UseConcMarkSweepGC, -Xmx8G]
Conf: {Q.batch-size=500}

           Test Name	  Num	     Iterations	          Time ns	       Throughput	  GC	GC ms	  USR ms	  SYS ms	JIT ms	    min latency	   latency 50th	   latency 90th	   latency 99th	    max latency
           Q_WC_X_04	    1	      1,000,000	      888,469,754	        1,125,531	   6	   15	       0	       0	 1,167	         23,705	        330,769	      1,038,995	      3,185,319	      8,785,365

           Q_WC_X_04	    2	      1,000,000	      773,927,970	        1,292,110	   6	   10	  10,980	     300	   748	         25,219	        330,612	        843,756	      1,284,717	      3,242,921

           Q_WC_X_04	    3	      1,000,000	      737,066,414	        1,356,730	   6	   11	       0	       0	   203	          6,840	        292,248	        579,855	      1,050,847	      2,829,852

           Q_WC_X_04	    4	      1,000,000	      697,729,107	        1,433,221	   6	   10	       0	       0	   104	         13,573	        274,419	        551,254	        981,460	      3,461,313

           Q_WC_X_04	    5	      1,000,000	      676,732,393	        1,477,689	   6	    9	       0	       0	    30	         28,953	        275,557	        534,628	        901,788	      2,656,768

           Q_WC_X_04	    6	      1,000,000	      672,904,124	        1,486,096	   6	   11	       0	       0	   472	         18,282	        293,467	        579,488	      1,121,430	      3,605,170

           Q_WC_X_04	    7	      1,000,000	      719,229,321	        1,390,377	   6	    9	  11,540	     290	     0	         24,963	        267,130	        543,069	      1,169,904	      4,154,585

           Q_WC_X_04	    8	      1,000,000	      678,652,702	        1,473,508	   6	   10	       0	       0	     0	         18,037	        280,860	        571,555	      1,417,210	      3,393,709

           Q_WC_X_04	    9	      1,000,000	      742,970,149	        1,345,949	   6	   11	   8,100	     180	     0	         25,867	        290,419	        564,390	        936,808	      3,751,611

           Q_WC_X_04	   10	      1,000,000	      736,683,909	        1,357,434	   7	   12	       0	       0	   172	         21,350	        282,713	        578,690	      1,067,598	      2,892,132

