COMMAND LINE: [-Djava.library.path=/home/y/lib64, -XX:+UseConcMarkSweepGC, -Xmx8G]
Conf: {}

           Test Name	  Num	     Iterations	          Time ns	       Throughput	  GC	GC ms	  USR ms	  SYS ms	JIT ms	    min latency	   latency 50th	   latency 90th	   latency 99th	    max latency
           Q_WC_X_08	    1	      1,000,000	    3,864,022,975	          258,798	   7	    9	  26,410	  13,030	 1,435	          2,606	         31,029	         97,750	      1,894,886	     10,915,008

           Q_WC_X_08	    2	      1,000,000	    3,350,416,153	          298,470	   7	    8	  24,290	  12,380	   580	          2,400	         27,434	         64,946	        320,059	     12,219,567

           Q_WC_X_08	    3	      1,000,000	    3,283,115,271	          304,589	   7	    8	  23,560	  12,380	    39	          2,650	         25,430	         56,735	         95,861	      4,132,537

           Q_WC_X_08	    4	      1,000,000	    3,091,266,618	          323,492	   7	    8	  22,570	  11,680	    40	          2,678	         24,391	         55,567	         97,974	      6,742,652

           Q_WC_X_08	    5	      1,000,000	    3,276,902,784	          305,166	   7	    8	  23,440	  12,210	    33	          2,526	         25,160	         57,354	        104,067	      1,575,327

           Q_WC_X_08	    6	      1,000,000	    3,250,973,364	          307,600	   7	    8	  23,300	  12,240	     1	          3,121	         26,187	         56,402	         91,814	      1,469,560

           Q_WC_X_08	    7	      1,000,000	    3,305,111,887	          302,562	   7	    8	  23,540	  12,560	    37	          2,173	         25,970	         58,008	        102,956	      8,223,045

           Q_WC_X_08	    8	      1,000,000	    3,373,960,850	          296,388	   7	    8	  23,300	  12,570	     0	          2,695	         26,564	         59,204	        106,113	      1,480,245

           Q_WC_X_08	    9	      1,000,000	    3,313,587,067	          301,788	   7	    8	  23,420	  12,760	     0	          3,130	         26,160	         57,271	         96,581	      1,500,761

           Q_WC_X_08	   10	      1,000,000	    3,617,381,271	          276,443	   7	    8	  24,750	  13,300	    40	          3,155	         26,865	         62,079	        103,752	      1,454,676

COMMAND LINE: [-Djava.library.path=/home/y/lib64, -XX:+UseConcMarkSweepGC, -Xmx8G]
Conf: {Q.type=disruptor-latest}

           Test Name	  Num	     Iterations	          Time ns	       Throughput	  GC	GC ms	  USR ms	  SYS ms	JIT ms	    min latency	   latency 50th	   latency 90th	   latency 99th	    max latency
           Q_WC_X_08	    1	      1,000,000	    3,736,450,070	          267,634	   7	    8	  25,460	  13,130	 1,929	          2,411	         30,204	         88,436	      1,387,452	     10,622,549

           Q_WC_X_08	    2	      1,000,000	    3,117,564,104	          320,763	   7	    9	  21,060	  11,970	   317	          2,757	         25,626	         59,477	        171,596	     10,835,543

           Q_WC_X_08	    3	      1,000,000	    2,986,496,373	          334,841	   7	    9	  20,470	  11,590	    35	          1,751	         23,147	         52,513	         85,058	      1,515,904

           Q_WC_X_08	    4	      1,000,000	    3,044,713,059	          328,438	   7	    8	  21,570	  11,860	     0	          2,416	         23,556	         54,469	         92,892	      1,679,628

           Q_WC_X_08	    5	      1,000,000	    3,022,121,189	          330,893	   7	    9	  21,320	  11,990	     0	          2,641	         23,316	         54,664	         95,727	      4,967,752

           Q_WC_X_08	    6	      1,000,000	    3,041,358,189	          328,800	   7	    9	  21,260	  12,170	     0	          2,473	         23,119	         55,266	        101,735	      7,279,189

           Q_WC_X_08	    7	      1,000,000	    3,415,957,694	          292,744	   7	    8	  23,020	  13,230	     0	          2,541	         26,947	         64,130	        114,712	      1,529,946

           Q_WC_X_08	    8	      1,000,000	    3,401,103,541	          294,022	   7	    9	  23,070	  13,440	     0	          2,452	         26,759	         59,485	         95,862	      2,041,218

           Q_WC_X_08	    9	      1,000,000	    3,449,015,415	          289,938	   7	    8	  22,250	  12,990	     0	          2,292	         25,838	         62,726	        115,900	     10,922,758

           Q_WC_X_08	   10	      1,000,000	    3,443,122,748	          290,434	   7	    7	  22,240	  13,260	    36	          2,405	         24,728	         61,385	        116,321	     12,631,444

COMMAND LINE: [-Djava.library.path=/home/y/lib64, -XX:+UseConcMarkSweepGC, -Xmx8G]
Conf: {Q.type=disruptor-latest, Q.disruptor.timeout=0}

           Test Name	  Num	     Iterations	          Time ns	       Throughput	  GC	GC ms	  USR ms	  SYS ms	JIT ms	    min latency	   latency 50th	   latency 90th	   latency 99th	    max latency
           Q_WC_X_08	    1	      1,000,000	    3,231,882,837	          309,417	   7	   12	  24,350	  10,720	 1,775	          2,478	         30,861	         95,551	      1,454,531	     10,466,983

           Q_WC_X_08	    2	      1,000,000	    2,873,416,473	          348,018	   7	   11	  21,380	  10,680	   396	          3,166	         25,082	         57,815	        176,830	      5,232,523

           Q_WC_X_08	    3	      1,000,000	    2,869,356,406	          348,510	   7	   10	  20,880	  10,300	    48	          2,612	         21,846	         53,032	        105,439	      6,466,501

           Q_WC_X_08	    4	      1,000,000	    3,097,164,963	          322,876	   7	    9	  21,600	  11,260	     0	          2,771	         24,276	         55,072	         93,875	      8,967,388

           Q_WC_X_08	    5	      1,000,000	    3,107,536,687	          321,798	   7	   10	  22,190	  10,730	     0	          2,588	         24,121	         54,472	         90,604	      1,670,934

           Q_WC_X_08	    6	      1,000,000	    3,048,235,463	          328,059	   7	    9	  22,040	  10,880	     4	          2,243	         24,360	         53,257	         84,817	      1,842,283

           Q_WC_X_08	    7	      1,000,000	    3,111,830,298	          321,354	   7	   10	  22,320	  11,080	    94	          2,425	         25,129	         55,916	        100,396	      4,525,978

           Q_WC_X_08	    8	      1,000,000	    2,932,800,465	          340,971	   7	    7	  21,550	  10,520	     0	          2,249	         22,941	         54,779	        101,016	     12,356,200

           Q_WC_X_08	    9	      1,000,000	    3,048,290,619	          328,053	   7	    9	  22,160	  10,680	     0	          2,488	         24,201	         52,327	         82,665	      1,503,903

           Q_WC_X_08	   10	      1,000,000	    2,903,785,543	          344,378	   7	    7	  21,260	  10,430	    45	          2,530	         23,472	         53,408	         92,313	      1,427,290

COMMAND LINE: [-Djava.library.path=/home/y/lib64, -XX:+UseConcMarkSweepGC, -Xmx8G]
Conf: {Q.type=disruptor-latest, Q.disruptor.lite-blocking=true, Q.disruptor.timeout=0}

           Test Name	  Num	     Iterations	          Time ns	       Throughput	  GC	GC ms	  USR ms	  SYS ms	JIT ms	    min latency	   latency 50th	   latency 90th	   latency 99th	    max latency
           Q_WC_X_08	    1	      1,000,000	    1,700,751,047	          587,976	   7	   12	  17,520	   3,200	 2,672	          2,830	         20,367	      1,124,581	      4,976,028	     21,122,150

           Q_WC_X_08	    2	      1,000,000	    1,396,164,907	          716,248	   6	    7	  14,660	   3,060	   597	          2,462	         14,993	         50,572	      1,992,137	     19,363,835

           Q_WC_X_08	    3	      1,000,000	    1,266,230,306	          789,746	   6	    8	       0	       0	    87	          2,716	         12,658	         20,305	         40,372	      1,553,784

           Q_WC_X_08	    4	      1,000,000	    1,278,246,285	          782,322	   6	    8	  27,090	   5,740	    92	          1,715	         12,506	        267,483	      1,064,579	      7,067,870

           Q_WC_X_08	    5	      1,000,000	    1,182,602,344	          845,593	   6	    8	  13,600	   2,760	     1	          2,190	         12,232	         19,158	         27,506	      1,625,576

           Q_WC_X_08	    6	      1,000,000	    1,165,387,993	          858,083	   6	    7	       0	       0	     1	          2,480	         11,777	         19,175	         58,249	     10,983,062

           Q_WC_X_08	    7	      1,000,000	    1,231,053,140	          812,313	   6	    6	  27,210	   5,810	    72	          2,402	         12,841	         20,808	         47,317	     10,535,089

           Q_WC_X_08	    8	      1,000,000	    1,254,814,571	          796,930	   6	    8	  13,740	   3,010	     0	          2,305	         13,096	         22,252	         51,973	     10,236,220

           Q_WC_X_08	    9	      1,000,000	    1,277,923,907	          782,519	   6	    6	       0	       0	     0	          2,488	         13,256	         23,156	         76,443	      5,624,461

           Q_WC_X_08	   10	      1,000,000	    1,296,171,218	          771,503	   6	    7	  27,110	   6,210	     0	          2,400	         12,418	         21,392	        306,864	     12,173,008

COMMAND LINE: [-Djava.library.path=/home/y/lib64, -XX:+UseConcMarkSweepGC, -Xmx8G]
Conf: {Q.type=disruptor-latest, Q.disruptor.lite-blocking=true, Q.batch-size=100, Q.disruptor.timeout=0}

           Test Name	  Num	     Iterations	          Time ns	       Throughput	  GC	GC ms	  USR ms	  SYS ms	JIT ms	    min latency	   latency 50th	   latency 90th	   latency 99th	    max latency
           Q_WC_X_08	    1	      1,000,000	      747,495,957	        1,337,800	   7	   12	       0	       0	 1,862	         11,197	        279,271	      1,060,596	      3,029,582	     14,748,850

           Q_WC_X_08	    2	      1,000,000	      508,177,539	        1,967,816	   6	   10	       0	       0	   389	         15,300	        210,799	        632,019	      1,115,454	      3,465,272

           Q_WC_X_08	    3	      1,000,000	      448,773,949	        2,228,293	   6	    9	  19,720	     640	     0	         10,500	        172,301	        399,059	        704,198	      3,066,086

           Q_WC_X_08	    4	      1,000,000	      464,687,425	        2,151,984	   6	    9	       0	       0	     0	         12,983	        188,330	        411,128	        724,590	      2,617,073

           Q_WC_X_08	    5	      1,000,000	      551,562,929	        1,813,030	   7	   10	       0	       0	    99	         16,230	        194,974	        498,610	      1,056,848	      2,504,567

           Q_WC_X_08	    6	      1,000,000	      516,031,052	        1,937,868	   7	   10	  17,010	     520	    94	         15,144	        207,662	        453,103	        856,943	      2,433,867

           Q_WC_X_08	    7	      1,000,000	      496,894,378	        2,012,500	   7	   10	       0	       0	     0	         17,262	        190,509	        462,560	      1,387,503	      8,049,065

           Q_WC_X_08	    8	      1,000,000	      523,700,366	        1,909,489	   7	   11	       0	       0	     4	         14,944	        182,620	        419,296	        789,464	      2,701,286

           Q_WC_X_08	    9	      1,000,000	      530,165,578	        1,886,203	   7	   10	  17,270	     520	   145	         15,589	        184,254	        436,508	        828,824	      2,557,720

           Q_WC_X_08	   10	      1,000,000	      514,769,645	        1,942,616	   7	   11	       0	       0	   338	          6,480	        198,535	        448,215	        824,556	      2,418,057

COMMAND LINE: [-Djava.library.path=/home/y/lib64, -XX:+UseConcMarkSweepGC, -Xmx8G]
Conf: {Q.type=disruptor-latest, Q.disruptor.lite-blocking=true, Q.batch-size=250, Q.disruptor.timeout=0}

           Test Name	  Num	     Iterations	          Time ns	       Throughput	  GC	GC ms	  USR ms	  SYS ms	JIT ms	    min latency	   latency 50th	   latency 90th	   latency 99th	    max latency
           Q_WC_X_08	    1	      1,000,000	      843,244,623	        1,185,895	   7	   15	       0	       0	 1,984	         11,185	        558,473	      1,380,705	      4,655,315	     18,930,880

           Q_WC_X_08	    2	      1,000,000	      719,070,636	        1,390,684	   6	   14	       0	       0	   980	         24,372	        498,414	      1,087,620	      3,031,409	     20,857,222

           Q_WC_X_08	    3	      1,000,000	      484,294,055	        2,064,861	   6	    9	       0	       0	   126	         27,028	        387,747	        962,506	      1,416,836	      3,800,080

           Q_WC_X_08	    4	      1,000,000	      470,548,723	        2,125,178	   6	   10	       0	       0	   134	         19,797	        375,364	        923,861	      1,381,480	      3,140,137

           Q_WC_X_08	    5	      1,000,000	      547,093,041	        1,827,843	   7	   14	       0	       0	    21	         21,174	        398,647	        980,520	      1,448,452	      4,425,530

           Q_WC_X_08	    6	      1,000,000	      557,480,082	        1,793,786	   7	   15	  20,740	     600	     3	         17,402	        430,277	      1,024,278	      1,434,255	      3,177,341

           Q_WC_X_08	    7	      1,000,000	      546,405,450	        1,830,143	   7	   12	       0	       0	   140	         28,296	        410,245	      1,027,718	      2,133,057	      4,848,928

           Q_WC_X_08	    8	      1,000,000	      520,239,831	        1,922,190	   7	   12	       0	       0	     0	         22,263	        403,137	        994,551	      1,399,703	      3,089,029

           Q_WC_X_08	    9	      1,000,000	      502,021,992	        1,991,945	   7	   14	  15,940	     460	     1	          4,756	        397,760	        977,908	      1,592,475	      3,332,913

           Q_WC_X_08	   10	      1,000,000	      533,554,533	        1,874,223	   7	   12	       0	       0	   400	          5,977	        421,054	      1,001,238	      1,503,191	      3,748,462

COMMAND LINE: [-Djava.library.path=/home/y/lib64, -XX:+UseConcMarkSweepGC, -Xmx8G]
Conf: {Q.type=disruptor-latest, Q.disruptor.lite-blocking=true, Q.batch-size=500, Q.disruptor.timeout=0}

           Test Name	  Num	     Iterations	          Time ns	       Throughput	  GC	GC ms	  USR ms	  SYS ms	JIT ms	    min latency	   latency 50th	   latency 90th	   latency 99th	    max latency
           Q_WC_X_08	    1	      1,000,000	      852,542,485	        1,172,962	   7	   20	       0	       0	 2,036	         23,172	        686,414	      1,399,857	      4,927,089	     20,309,855

           Q_WC_X_08	    2	      1,000,000	      637,802,127	        1,567,884	   6	   11	  15,580	     460	   559	         21,673	        604,940	      1,175,638	      2,433,001	      7,685,649

           Q_WC_X_08	    3	      1,000,000	      496,429,321	        2,014,385	   6	   12	       0	       0	     0	          5,127	        597,505	      1,230,233	      1,848,025	      3,856,155

           Q_WC_X_08	    4	      1,000,000	      507,133,900	        1,971,866	   6	   10	       0	       0	   135	         15,675	        578,930	      1,225,746	      1,718,456	      4,095,199

           Q_WC_X_08	    5	      1,000,000	      549,449,177	        1,820,005	   7	   13	  14,480	     500	    92	         33,445	        592,297	      1,241,990	      1,753,161	      3,872,474

           Q_WC_X_08	    6	      1,000,000	      548,813,236	        1,822,113	   7	   13	       0	       0	    11	          4,466	        605,787	      1,276,275	      1,856,527	      4,321,885

           Q_WC_X_08	    7	      1,000,000	      557,248,234	        1,794,532	   7	   14	       0	       0	     0	         25,949	        639,479	      1,325,108	      4,186,752	      8,545,176

           Q_WC_X_08	    8	      1,000,000	      550,482,322	        1,816,589	   7	   13	  15,180	     500	     4	          8,289	        605,561	      1,250,771	      1,723,943	      3,951,146

           Q_WC_X_08	    9	      1,000,000	      549,693,481	        1,819,196	   7	   12	       0	       0	     1	         29,196	        624,824	      1,234,394	      1,631,702	      3,109,899

           Q_WC_X_08	   10	      1,000,000	      544,496,619	        1,836,559	   7	   14	       0	       0	   361	          8,490	        602,650	      1,234,358	      1,723,995	      3,385,016

COMMAND LINE: [-Djava.library.path=/home/y/lib64, -XX:+UseConcMarkSweepGC, -Xmx8G]
Conf: {Q.batch-size=100}

           Test Name	  Num	     Iterations	          Time ns	       Throughput	  GC	GC ms	  USR ms	  SYS ms	JIT ms	    min latency	   latency 50th	   latency 90th	   latency 99th	    max latency
           Q_WC_X_08	    1	      1,000,000	      924,976,815	        1,081,108	   7	   14	       0	       0	 2,346	         19,056	        437,813	      1,230,567	      4,265,679	     10,653,294

           Q_WC_X_08	    2	      1,000,000	      639,925,467	        1,562,682	   6	   11	  17,210	     540	   898	         17,260	        248,963	        853,015	      1,189,187	      7,795,174

           Q_WC_X_08	    3	      1,000,000	      484,270,712	        2,064,961	   6	    9	       0	       0	    23	          9,097	        191,494	        455,747	        855,763	      5,142,357

           Q_WC_X_08	    4	      1,000,000	      478,686,507	        2,089,050	   6	   10	       0	       0	     3	          4,285	        179,965	        408,675	        692,236	      2,417,529

           Q_WC_X_08	    5	      1,000,000	      531,300,027	        1,882,176	   7	   11	  17,220	     520	    25	         18,927	        214,101	        546,240	      1,078,925	      2,645,052

           Q_WC_X_08	    6	      1,000,000	      531,257,602	        1,882,326	   7	   10	       0	       0	     5	         17,321	        207,839	        489,148	      1,146,531	      5,632,842

           Q_WC_X_08	    7	      1,000,000	      543,446,130	        1,840,109	   7	   10	       0	       0	     5	         10,693	        241,193	        534,551	        933,150	      1,888,748

           Q_WC_X_08	    8	      1,000,000	      606,590,687	        1,648,558	   7	   10	  17,710	     670	    88	         14,028	        248,950	        595,109	      1,055,530	      3,396,765

           Q_WC_X_08	    9	      1,000,000	      544,454,958	        1,836,699	   7	   12	       0	       0	     3	          7,236	        210,091	        473,090	        832,566	      2,407,964

           Q_WC_X_08	   10	      1,000,000	      556,686,794	        1,796,342	   7	   11	       0	       0	   321	          4,575	        243,150	        524,336	        887,528	      1,861,671

COMMAND LINE: [-Djava.library.path=/home/y/lib64, -XX:+UseConcMarkSweepGC, -Xmx8G]
Conf: {Q.batch-size=250}

           Test Name	  Num	     Iterations	          Time ns	       Throughput	  GC	GC ms	  USR ms	  SYS ms	JIT ms	    min latency	   latency 50th	   latency 90th	   latency 99th	    max latency
           Q_WC_X_08	    1	      1,000,000	    1,065,149,043	          938,836	   7	   31	       0	       0	 2,612	         32,711	        542,509	      1,172,999	      3,384,464	     10,059,380

           Q_WC_X_08	    2	      1,000,000	      554,610,377	        1,803,068	   6	   11	  17,250	     520	   287	         23,736	        430,382	      1,089,073	      2,531,971	     11,650,944

           Q_WC_X_08	    3	      1,000,000	      533,693,206	        1,873,736	   6	   11	       0	       0	   276	          6,806	        442,633	      1,062,155	      1,702,182	      6,634,842

           Q_WC_X_08	    4	      1,000,000	      492,549,884	        2,030,251	   6	   11	       0	       0	    24	          4,646	        398,424	        951,119	      1,328,770	      3,494,662

           Q_WC_X_08	    5	      1,000,000	      595,120,991	        1,680,331	   7	   12	  16,170	     500	    34	         21,570	        437,996	      1,008,823	      1,390,957	      3,643,511

           Q_WC_X_08	    6	      1,000,000	      570,303,680	        1,753,452	   7	   12	       0	       0	     2	         13,077	        446,915	      1,081,318	      2,875,005	      6,695,576

           Q_WC_X_08	    7	      1,000,000	      558,114,447	        1,791,747	   7	   13	       0	       0	     7	         18,300	        409,580	        990,685	      1,419,296	      4,371,467

           Q_WC_X_08	    8	      1,000,000	      541,732,513	        1,845,929	   7	   12	  15,920	     500	     1	         25,532	        432,608	      1,010,421	      1,473,591	      3,329,597

           Q_WC_X_08	    9	      1,000,000	      540,177,935	        1,851,242	   7	   11	       0	       0	     4	          3,596	        427,175	      1,012,522	      1,522,124	      3,709,151

           Q_WC_X_08	   10	      1,000,000	      563,729,394	        1,773,901	   7	   12	       0	       0	   414	          3,672	        439,067	      1,025,985	      1,684,625	      3,480,137

COMMAND LINE: [-Djava.library.path=/home/y/lib64, -XX:+UseConcMarkSweepGC, -Xmx8G]
Conf: {Q.batch-size=500}

           Test Name	  Num	     Iterations	          Time ns	       Throughput	  GC	GC ms	  USR ms	  SYS ms	JIT ms	    min latency	   latency 50th	   latency 90th	   latency 99th	    max latency
           Q_WC_X_08	    1	      1,000,000	    1,176,939,487	          849,661	   7	   16	       0	       0	 2,816	         26,196	        668,833	      1,261,756	      3,588,537	      8,587,208

           Q_WC_X_08	    2	      1,000,000	      611,815,468	        1,634,480	   6	   12	       0	       0	   531	         30,956	        625,092	      1,265,956	      3,251,814	     10,466,308

           Q_WC_X_08	    3	      1,000,000	      546,809,670	        1,828,790	   6	   11	       0	       0	     5	         26,091	        637,751	      1,220,817	      1,637,008	      4,046,407

           Q_WC_X_08	    4	      1,000,000	      614,348,266	        1,627,741	   6	   11	  15,910	     530	   118	          4,988	        794,880	      2,374,944	      4,390,073	      8,436,132

           Q_WC_X_08	    5	      1,000,000	      608,374,213	        1,643,725	   7	   13	       0	       0	   108	         27,548	        654,846	      1,250,741	      1,744,863	      4,038,359

           Q_WC_X_08	    6	      1,000,000	      590,654,845	        1,693,036	   7	   13	       0	       0	     2	         28,548	        671,578	      1,333,625	      2,779,970	      6,275,700

           Q_WC_X_08	    7	      1,000,000	      592,448,895	        1,687,909	   7	   13	  15,340	     570	     5	          4,192	        646,217	      1,241,773	      1,667,127	      3,517,325

           Q_WC_X_08	    8	      1,000,000	      605,200,377	        1,652,345	   7	   12	       0	       0	     2	          9,365	        679,087	      1,291,767	      1,907,538	      3,627,355

           Q_WC_X_08	    9	      1,000,000	      582,174,233	        1,717,699	   7	   13	       0	       0	   172	         32,735	        644,419	      1,246,998	      1,762,257	      3,758,455

           Q_WC_X_08	   10	      1,000,000	      586,050,288	        1,706,338	   7	   13	  15,280	     510	   360	         19,575	        641,754	      1,237,904	      1,794,046	      4,207,724

