COMMAND LINE: [-XX:+UseConcMarkSweepGC, -Xmx8G]
Conf: {}

           Test Name	  Num	     Iterations	          Time ns	       Throughput	  GC	GC ms	  USR ms	  SYS ms	JIT ms	    min latency	   latency 50th	   latency 90th	   latency 99th	    max latency
           Q_WC_X_08	    1	      1,000,000	    2,728,915,000	          366,446	  14	    9	   9,663	   9,104	 1,358	              0	         33,000	        268,000	      1,791,000	      9,237,000

           Q_WC_X_08	    2	      1,000,000	    2,812,633,000	          355,539	  14	    9	   9,004	   9,363	   396	          1,000	         28,000	        270,000	        862,000	      3,768,000

           Q_WC_X_08	    3	      1,000,000	    2,835,281,000	          352,699	  13	    9	   9,086	   9,753	    80	          1,000	         22,000	        141,000	        595,000	      3,481,000

           Q_WC_X_08	    4	      1,000,000	    3,169,453,000	          315,512	  13	   10	   9,923	  10,834	     1	          2,000	         26,000	        125,000	        760,000	      6,507,000

           Q_WC_X_08	    5	      1,000,000	    3,068,360,000	          325,907	  13	   10	   9,751	  10,419	     2	          1,000	         25,000	        135,000	        420,000	      1,563,000

           Q_WC_X_08	    6	      1,000,000	    2,844,781,000	          351,521	  13	   11	   9,318	   9,598	     1	          1,000	         25,000	        102,000	        369,000	      1,207,000

           Q_WC_X_08	    7	      1,000,000	    2,969,794,000	          336,724	  13	   10	   9,757	  10,408	     0	          2,000	         29,000	        163,000	        777,000	      2,352,000

           Q_WC_X_08	    8	      1,000,000	    2,939,801,000	          340,159	  13	   10	   9,771	   9,920	    14	          2,000	         29,000	        181,000	        985,000	      3,639,000

           Q_WC_X_08	    9	      1,000,000	    3,040,764,000	          328,865	  13	   10	   9,613	  10,379	     0	          2,000	         26,000	        150,000	        805,000	      2,353,000

           Q_WC_X_08	   10	      1,000,000	    2,696,190,000	          370,894	  13	   10	   9,246	   9,325	     0	          2,000	         26,000	        132,000	        773,000	      2,073,000

COMMAND LINE: [-XX:+UseConcMarkSweepGC, -Xmx8G]
Conf: {Q.type=disruptor-latest}

           Test Name	  Num	     Iterations	          Time ns	       Throughput	  GC	GC ms	  USR ms	  SYS ms	JIT ms	    min latency	   latency 50th	   latency 90th	   latency 99th	    max latency
           Q_WC_X_08	    1	      1,000,000	    2,648,377,000	          377,590	  14	   11	  10,070	   8,786	 1,604	          2,000	         45,000	        408,000	      1,270,000	     28,335,000

           Q_WC_X_08	    2	      1,000,000	    2,855,058,000	          350,256	  13	    9	   9,613	  10,228	   537	          1,000	         32,000	        351,000	      1,723,000	     17,682,000

           Q_WC_X_08	    3	      1,000,000	    2,915,141,000	          343,037	  13	    9	   9,522	  10,526	   102	          1,000	         29,000	        179,000	        614,000	      1,328,000

           Q_WC_X_08	    4	      1,000,000	    2,817,041,000	          354,982	  13	    9	   9,045	  10,072	     1	          1,000	         24,000	        113,000	        838,000	      1,548,000

           Q_WC_X_08	    5	      1,000,000	    2,648,551,000	          377,565	  13	    9	   8,881	   9,602	     0	          1,000	         25,000	        107,000	        559,000	      2,274,000

           Q_WC_X_08	    6	      1,000,000	    2,907,566,000	          343,930	  13	    9	   9,428	  10,753	     0	          1,000	         24,000	         86,000	        820,000	      4,629,000

           Q_WC_X_08	    7	      1,000,000	    2,766,128,000	          361,516	  13	   10	   9,222	   9,623	     0	          1,000	         24,000	         83,000	        266,000	      1,710,000

           Q_WC_X_08	    8	      1,000,000	    3,109,671,000	          321,577	  14	   11	   9,914	  10,997	    13	              0	         29,000	        392,000	      1,243,000	      1,942,000

           Q_WC_X_08	    9	      1,000,000	    2,966,108,000	          337,142	  13	   10	   9,594	  10,990	     0	          1,000	         25,000	         92,000	        248,000	      2,449,000

           Q_WC_X_08	   10	      1,000,000	    2,903,980,000	          344,355	  13	   10	   9,408	  10,303	     0	          1,000	         25,000	        131,000	        602,000	      1,650,000

COMMAND LINE: [-XX:+UseConcMarkSweepGC, -Xmx8G]
Conf: {Q.type=disruptor-latest, Q.disruptor.timeout=0}

           Test Name	  Num	     Iterations	          Time ns	       Throughput	  GC	GC ms	  USR ms	  SYS ms	JIT ms	    min latency	   latency 50th	   latency 90th	   latency 99th	    max latency
           Q_WC_X_08	    1	      1,000,000	    2,395,946,000	          417,372	  14	   11	   9,750	   7,251	 1,876	          2,000	         33,000	        335,000	      1,220,000	     44,276,000

           Q_WC_X_08	    2	      1,000,000	    2,451,185,000	          407,966	  13	    9	   8,479	   8,091	   565	          1,000	         24,000	        143,000	      1,546,000	      4,384,000

           Q_WC_X_08	    3	      1,000,000	    2,089,690,000	          478,540	  13	    9	   7,622	   7,031	   117	          2,000	         20,000	         89,000	        261,000	      1,148,000

           Q_WC_X_08	    4	      1,000,000	    2,163,763,000	          462,158	  13	    9	   7,688	   7,642	     0	              0	         20,000	        101,000	      1,000,000	      4,088,000

           Q_WC_X_08	    5	      1,000,000	    2,198,054,000	          454,948	  13	    9	   7,825	   7,837	    70	          1,000	         19,000	         76,000	        263,000	      3,920,000

           Q_WC_X_08	    6	      1,000,000	    2,177,985,000	          459,140	  13	   11	   7,842	   7,185	    37	          2,000	         18,000	         77,000	        633,000	      4,383,000

           Q_WC_X_08	    7	      1,000,000	    2,180,582,000	          458,593	  13	    9	   7,958	   7,300	     1	          1,000	         21,000	        125,000	        582,000	      3,763,000

           Q_WC_X_08	    8	      1,000,000	    2,334,887,000	          428,286	  13	   10	   7,945	   7,940	    36	          1,000	         18,000	         76,000	        933,000	      4,033,000

           Q_WC_X_08	    9	      1,000,000	    2,110,727,000	          473,770	  13	   10	   7,790	   7,352	     0	          1,000	         18,000	         73,000	        239,000	      2,758,000

           Q_WC_X_08	   10	      1,000,000	    2,282,188,000	          438,176	  13	    9	   8,147	   8,003	    41	          1,000	         19,000	        105,000	      1,261,000	      6,701,000

COMMAND LINE: [-XX:+UseConcMarkSweepGC, -Xmx8G]
Conf: {Q.type=disruptor-latest, Q.disruptor.lite-blocking=true, Q.disruptor.timeout=0}

           Test Name	  Num	     Iterations	          Time ns	       Throughput	  GC	GC ms	  USR ms	  SYS ms	JIT ms	    min latency	   latency 50th	   latency 90th	   latency 99th	    max latency
           Q_WC_X_08	    1	      1,000,000	    1,217,659,000	          821,248	  13	   11	   6,422	   2,299	 1,219	          1,000	         85,000	      1,023,000	      2,903,000	     23,814,000

           Q_WC_X_08	    2	      1,000,000	    1,046,001,000	          956,022	  13	   10	   5,129	   2,308	   136	          1,000	        124,000	        340,000	        737,000	      2,081,000

           Q_WC_X_08	    3	      1,000,000	    1,227,743,000	          814,503	  13	   11	   5,354	   3,046	    48	          1,000	        104,000	        206,000	        500,000	     18,439,000

           Q_WC_X_08	    4	      1,000,000	    1,127,960,000	          886,556	  13	   10	   5,025	   2,098	    34	          1,000	        100,000	        238,000	        491,000	      1,508,000

           Q_WC_X_08	    5	      1,000,000	      993,602,000	        1,006,439	  13	   11	   5,014	   2,012	     0	          1,000	        106,000	        214,000	        659,000	      6,965,000

           Q_WC_X_08	    6	      1,000,000	      988,874,000	        1,011,251	  13	   11	   4,955	   1,974	     0	              0	        109,000	        208,000	        378,000	      3,829,000

           Q_WC_X_08	    7	      1,000,000	    1,258,354,000	          794,689	  13	   11	   5,349	   2,839	    58	          1,000	         46,000	        204,000	        522,000	     38,958,000

           Q_WC_X_08	    8	      1,000,000	    1,019,827,000	          980,558	  13	   12	   5,062	   2,070	    32	          1,000	        111,000	        210,000	        399,000	      4,959,000

           Q_WC_X_08	    9	      1,000,000	    1,186,816,000	          842,591	  13	   10	   5,239	   2,212	     0	          1,000	        115,000	        216,000	        363,000	      2,332,000

           Q_WC_X_08	   10	      1,000,000	      977,223,000	        1,023,308	  13	   11	   4,957	   1,914	    33	          1,000	        103,000	        208,000	        425,000	      1,671,000

COMMAND LINE: [-XX:+UseConcMarkSweepGC, -Xmx8G]
Conf: {Q.type=disruptor-latest, Q.disruptor.lite-blocking=true, Q.batch-size=100, Q.disruptor.timeout=0}

           Test Name	  Num	     Iterations	          Time ns	       Throughput	  GC	GC ms	  USR ms	  SYS ms	JIT ms	    min latency	   latency 50th	   latency 90th	   latency 99th	    max latency
           Q_WC_X_08	    1	      1,000,000	    1,002,863,000	          997,145	  13	   15	   6,700	     717	 2,442	         13,000	        416,000	      1,268,000	      5,774,000	     67,274,000

           Q_WC_X_08	    2	      1,000,000	      618,361,000	        1,617,178	  13	   15	   3,987	     464	   748	         13,000	        230,000	        557,000	      1,239,000	      4,918,000

           Q_WC_X_08	    3	      1,000,000	      567,071,000	        1,763,448	  13	   14	   3,754	     452	   155	         12,000	        202,000	        486,000	        976,000	      7,562,000

           Q_WC_X_08	    4	      1,000,000	      564,009,000	        1,773,021	  13	   14	   3,762	     462	     0	          8,000	        217,000	        524,000	      1,024,000	      3,686,000

           Q_WC_X_08	    5	      1,000,000	      681,176,000	        1,468,049	  14	   15	   4,310	     535	   358	         12,000	        245,000	        651,000	      1,247,000	     30,251,000

           Q_WC_X_08	    6	      1,000,000	      613,308,000	        1,630,502	  16	   20	   4,068	     498	     0	         14,000	        234,000	        543,000	      1,008,000	      2,673,000

           Q_WC_X_08	    7	      1,000,000	      637,507,000	        1,568,610	  16	   18	   3,981	     541	     4	         14,000	        246,000	        589,000	      1,107,000	      6,137,000

           Q_WC_X_08	    8	      1,000,000	      661,214,000	        1,512,370	  16	   20	   4,135	     679	    21	         12,000	        242,000	        591,000	      1,135,000	      3,131,000

           Q_WC_X_08	    9	      1,000,000	      628,375,000	        1,591,406	  16	   19	   4,041	     507	     0	         15,000	        236,000	        552,000	      1,107,000	     11,464,000

           Q_WC_X_08	   10	      1,000,000	      667,980,000	        1,497,051	  16	   20	   3,965	     529	     1	         15,000	        242,000	        549,000	      1,064,000	      2,722,000

COMMAND LINE: [-XX:+UseConcMarkSweepGC, -Xmx8G]
Conf: {Q.type=disruptor-latest, Q.disruptor.lite-blocking=true, Q.batch-size=250, Q.disruptor.timeout=0}

           Test Name	  Num	     Iterations	          Time ns	       Throughput	  GC	GC ms	  USR ms	  SYS ms	JIT ms	    min latency	   latency 50th	   latency 90th	   latency 99th	    max latency
           Q_WC_X_08	    1	      1,000,000	      926,471,000	        1,079,365	  13	   18	   6,381	     541	 1,967	         20,000	        532,000	      1,236,000	      4,970,000	     45,473,000

           Q_WC_X_08	    2	      1,000,000	      709,766,000	        1,408,915	  13	   18	   4,534	     813	   769	         19,000	        482,000	      1,518,000	      7,468,000	     30,225,000

           Q_WC_X_08	    3	      1,000,000	      540,335,000	        1,850,704	  13	   18	   3,597	     438	     0	         21,000	        359,000	        927,000	      1,717,000	      3,356,000

           Q_WC_X_08	    4	      1,000,000	      551,417,000	        1,813,510	  13	   19	   3,610	     450	    37	         11,000	        400,000	        992,000	      1,677,000	      5,727,000

           Q_WC_X_08	    5	      1,000,000	      581,082,000	        1,720,928	  14	   20	   3,942	     337	   244	         18,000	        363,000	        970,000	      1,887,000	     11,341,000

           Q_WC_X_08	    6	      1,000,000	      590,748,000	        1,692,769	  16	   22	   3,960	     409	     0	         18,000	        411,000	      1,036,000	      1,738,000	      7,441,000

           Q_WC_X_08	    7	      1,000,000	      582,090,000	        1,717,947	  16	   24	   3,957	     403	     4	         25,000	        406,000	      1,087,000	      2,320,000	     20,981,000

           Q_WC_X_08	    8	      1,000,000	      590,793,000	        1,692,640	  16	   26	   3,964	     396	     0	         23,000	        397,000	      1,006,000	      1,861,000	     12,047,000

           Q_WC_X_08	    9	      1,000,000	      586,545,000	        1,704,899	  16	   24	   4,009	     427	     0	         12,000	        420,000	      1,051,000	      1,563,000	      5,254,000

           Q_WC_X_08	   10	      1,000,000	      592,413,000	        1,688,012	  16	   25	   4,055	     407	     1	         28,000	        429,000	      1,045,000	      1,759,000	     10,108,000

COMMAND LINE: [-XX:+UseConcMarkSweepGC, -Xmx8G]
Conf: {Q.type=disruptor-latest, Q.disruptor.lite-blocking=true, Q.batch-size=500, Q.disruptor.timeout=0}

           Test Name	  Num	     Iterations	          Time ns	       Throughput	  GC	GC ms	  USR ms	  SYS ms	JIT ms	    min latency	   latency 50th	   latency 90th	   latency 99th	    max latency
           Q_WC_X_08	    1	      1,000,000	    1,111,407,000	          899,760	  13	   24	   7,685	     618	 2,581	         12,000	        775,000	      1,717,000	      4,781,000	    145,425,000

           Q_WC_X_08	    2	      1,000,000	      634,693,000	        1,575,565	  13	   22	   4,129	     528	   566	         32,000	        658,000	      1,329,000	      2,215,000	      5,571,000

           Q_WC_X_08	    3	      1,000,000	      615,486,000	        1,624,732	  13	   22	   3,978	     633	    50	         27,000	        694,000	      1,409,000	      2,709,000	      4,423,000

           Q_WC_X_08	    4	      1,000,000	      571,619,000	        1,749,417	  13	   24	   3,838	     525	     8	         22,000	        630,000	      1,289,000	      2,076,000	      6,207,000

           Q_WC_X_08	    5	      1,000,000	      612,947,000	        1,631,462	  14	   26	   4,090	     502	    67	         28,000	        648,000	      1,226,000	      2,961,000	      6,571,000

           Q_WC_X_08	    6	      1,000,000	      642,056,000	        1,557,497	  16	   33	   4,145	     680	     0	         12,000	        754,000	      1,879,000	      3,851,000	      6,304,000

           Q_WC_X_08	    7	      1,000,000	      625,905,000	        1,597,687	  16	   32	   4,129	     600	     4	         35,000	        642,000	      1,285,000	      1,982,000	      4,071,000

           Q_WC_X_08	    8	      1,000,000	      664,661,000	        1,504,526	  16	   33	   4,184	     651	    18	         19,000	        644,000	      1,278,000	      2,781,000	      5,425,000

           Q_WC_X_08	    9	      1,000,000	      724,415,000	        1,380,424	  16	   31	   4,365	     988	     1	         20,000	        691,000	      1,332,000	      2,751,000	      6,344,000

           Q_WC_X_08	   10	      1,000,000	      685,538,000	        1,458,708	  16	   35	   4,189	     566	    19	         16,000	        665,000	      1,330,000	      2,099,000	      4,516,000

COMMAND LINE: [-XX:+UseConcMarkSweepGC, -Xmx8G]
Conf: {Q.batch-size=100}

           Test Name	  Num	     Iterations	          Time ns	       Throughput	  GC	GC ms	  USR ms	  SYS ms	JIT ms	    min latency	   latency 50th	   latency 90th	   latency 99th	    max latency
           Q_WC_X_08	    1	      1,000,000	    1,195,174,000	          836,698	  14	   15	   7,769	     923	 2,305	         12,000	        429,000	      1,329,000	      4,993,000	     53,892,000

           Q_WC_X_08	    2	      1,000,000	      686,180,000	        1,457,344	  13	   14	   4,212	     704	   396	          8,000	        280,000	        660,000	      1,333,000	      2,722,000

           Q_WC_X_08	    3	      1,000,000	      669,877,000	        1,492,811	  13	   16	   4,085	     740	   221	         14,000	        247,000	        537,000	        935,000	      2,368,000

           Q_WC_X_08	    4	      1,000,000	      622,429,000	        1,606,609	  13	   14	   3,936	     711	     1	         16,000	        235,000	        519,000	        936,000	      2,622,000

           Q_WC_X_08	    5	      1,000,000	      681,861,000	        1,466,575	  14	   17	   4,080	     718	    73	         13,000	        224,000	        631,000	      1,295,000	     10,219,000

           Q_WC_X_08	    6	      1,000,000	      717,584,000	        1,393,565	  16	   19	   4,455	     738	   155	          7,000	        279,000	        754,000	      1,715,000	     14,860,000

           Q_WC_X_08	    7	      1,000,000	      747,303,000	        1,338,145	  16	   19	   4,325	     933	    10	         15,000	        267,000	        695,000	      1,559,000	      4,383,000

           Q_WC_X_08	    8	      1,000,000	      704,154,000	        1,420,144	  16	   19	   4,249	     745	     1	         14,000	        265,000	        576,000	      1,033,000	      2,569,000

           Q_WC_X_08	    9	      1,000,000	      698,987,000	        1,430,642	  16	   20	   4,259	     737	     0	         17,000	        268,000	        590,000	      1,029,000	      2,566,000

           Q_WC_X_08	   10	      1,000,000	      693,504,000	        1,441,953	  16	   18	   4,287	     728	    40	         15,000	        265,000	        603,000	      1,066,000	      2,958,000

COMMAND LINE: [-XX:+UseConcMarkSweepGC, -Xmx8G]
Conf: {Q.batch-size=250}

           Test Name	  Num	     Iterations	          Time ns	       Throughput	  GC	GC ms	  USR ms	  SYS ms	JIT ms	    min latency	   latency 50th	   latency 90th	   latency 99th	    max latency
           Q_WC_X_08	    1	      1,000,000	    1,202,417,000	          831,658	  13	   19	   8,096	     813	 2,919	         23,000	        636,000	      1,460,000	      6,685,000	    104,332,000

           Q_WC_X_08	    2	      1,000,000	      630,522,000	        1,585,987	  13	   18	   4,195	     491	   957	         17,000	        437,000	      1,043,000	      1,917,000	      9,194,000

           Q_WC_X_08	    3	      1,000,000	      562,978,000	        1,776,268	  13	   17	   3,748	     506	   143	         21,000	        419,000	      1,017,000	      1,564,000	      3,094,000

           Q_WC_X_08	    4	      1,000,000	      575,297,000	        1,738,233	  13	   19	   3,808	     520	     9	         22,000	        388,000	        957,000	      1,512,000	      2,667,000

           Q_WC_X_08	    5	      1,000,000	      631,348,000	        1,583,913	  14	   18	   4,164	     462	   256	         18,000	        408,000	      1,021,000	      1,722,000	     10,542,000

           Q_WC_X_08	    6	      1,000,000	      627,420,000	        1,593,829	  16	   24	   4,145	     580	     3	         21,000	        506,000	      1,124,000	      2,068,000	      3,967,000

           Q_WC_X_08	    7	      1,000,000	      664,933,000	        1,503,911	  16	   24	   4,180	     645	     5	         14,000	        472,000	      1,066,000	      1,817,000	      3,827,000

           Q_WC_X_08	    8	      1,000,000	      630,818,000	        1,585,243	  16	   22	   4,067	     536	     0	         21,000	        467,000	      1,064,000	      1,744,000	      5,637,000

           Q_WC_X_08	    9	      1,000,000	      690,429,000	        1,448,375	  16	   25	   4,215	     628	     1	         31,000	        470,000	      1,085,000	      1,701,000	      3,991,000

           Q_WC_X_08	   10	      1,000,000	      693,173,000	        1,442,641	  16	   25	   4,299	     708	     0	         16,000	        501,000	      1,106,000	      1,645,000	      3,644,000

COMMAND LINE: [-XX:+UseConcMarkSweepGC, -Xmx8G]
Conf: {Q.batch-size=500}

           Test Name	  Num	     Iterations	          Time ns	       Throughput	  GC	GC ms	  USR ms	  SYS ms	JIT ms	    min latency	   latency 50th	   latency 90th	   latency 99th	    max latency
           Q_WC_X_08	    1	      1,000,000	    1,150,678,000	          869,053	  13	   22	   8,009	     702	 2,487	         19,000	        777,000	      1,626,000	      5,037,000	     60,100,000

           Q_WC_X_08	    2	      1,000,000	      654,729,000	        1,527,349	  13	   22	   4,350	     509	   572	          9,000	        711,000	      1,387,000	      4,738,000	      9,247,000

           Q_WC_X_08	    3	      1,000,000	      583,744,000	        1,713,080	  13	   23	   3,839	     568	   175	         25,000	        609,000	      1,234,000	      1,727,000	      4,671,000

           Q_WC_X_08	    4	      1,000,000	      586,705,000	        1,704,434	  13	   24	   3,756	     547	     2	         21,000	        686,000	      1,305,000	      1,945,000	      5,004,000

           Q_WC_X_08	    5	      1,000,000	      594,898,000	        1,680,960	  14	   26	   3,907	     515	    50	         24,000	        662,000	      1,326,000	      1,935,000	      3,480,000

           Q_WC_X_08	    6	      1,000,000	      650,025,000	        1,538,402	  16	   31	   4,197	     614	    74	         28,000	        712,000	      1,394,000	      3,214,000	      5,530,000

           Q_WC_X_08	    7	      1,000,000	      633,376,000	        1,578,841	  16	   27	   4,119	     614	     4	         13,000	        661,000	      1,288,000	      1,872,000	      4,274,000

           Q_WC_X_08	    8	      1,000,000	      625,157,000	        1,599,598	  16	   29	   4,149	     562	     1	         18,000	        654,000	      1,235,000	      1,974,000	      4,551,000

           Q_WC_X_08	    9	      1,000,000	      644,935,000	        1,550,544	  16	   30	   4,217	     656	     1	         25,000	        659,000	      1,276,000	      2,049,000	      4,286,000

           Q_WC_X_08	   10	      1,000,000	      842,458,000	        1,187,003	  16	   32	   4,515	   1,250	     0	          2,000	        685,000	      1,326,000	      1,998,000	      5,527,000

