COMMAND LINE: [-XX:+UseConcMarkSweepGC, -Xmx8G]
Conf: {}

           Test Name	  Num	     Iterations	          Time ns	       Throughput	  GC	GC ms	  USR ms	  SYS ms	JIT ms	    min latency	   latency 50th	   latency 90th	   latency 99th	    max latency
           Q_WC_X_16	    1	      1,000,000	    3,256,171,000	          307,109	  14	   13	  12,203	  12,780	 3,295	          4,000	         50,000	      1,320,000	      4,714,000	     44,132,000

           Q_WC_X_16	    2	      1,000,000	    3,188,140,000	          313,663	  14	   11	   9,977	  13,539	   777	          2,000	         44,000	      1,073,000	      4,361,000	     49,397,000

           Q_WC_X_16	    3	      1,000,000	    3,674,121,000	          272,174	  14	   12	  11,668	  15,823	     1	          2,000	         38,000	        149,000	        492,000	      3,626,000

           Q_WC_X_16	    4	      1,000,000	    3,584,159,000	          279,005	  14	   12	  11,545	  15,051	     0	          2,000	         49,000	        320,000	      1,357,000	     33,949,000

           Q_WC_X_16	    5	      1,000,000	    3,472,309,000	          287,993	  14	   11	  11,133	  14,944	     0	          2,000	         51,000	        813,000	      7,274,000	     13,126,000

           Q_WC_X_16	    6	      1,000,000	    3,595,828,000	          278,100	  14	   12	  11,492	  15,827	     1	          2,000	         44,000	        295,000	      7,261,000	     20,447,000

           Q_WC_X_16	    7	      1,000,000	    3,468,172,000	          288,336	  14	   12	  11,209	  14,918	    16	          2,000	         46,000	        139,000	        344,000	      2,819,000

           Q_WC_X_16	    8	      1,000,000	    3,560,028,000	          280,897	  14	   12	  11,319	  15,412	    37	          2,000	         44,000	        704,000	      3,068,000	      9,094,000

           Q_WC_X_16	    9	      1,000,000	    3,520,136,000	          284,080	  14	   13	  11,489	  15,067	    17	          2,000	         44,000	        210,000	      3,880,000	     16,968,000

           Q_WC_X_16	   10	      1,000,000	    3,603,451,000	          277,512	  14	   12	  11,766	  15,404	     1	          2,000	         47,000	        365,000	      1,134,000	      4,482,000

COMMAND LINE: [-XX:+UseConcMarkSweepGC, -Xmx8G]
Conf: {Q.type=disruptor-latest}

           Test Name	  Num	     Iterations	          Time ns	       Throughput	  GC	GC ms	  USR ms	  SYS ms	JIT ms	    min latency	   latency 50th	   latency 90th	   latency 99th	    max latency
           Q_WC_X_16	    1	      1,000,000	    4,034,532,000	          247,860	  14	   14	  14,009	  15,691	 3,196	          2,000	         61,000	      1,064,000	      9,830,000	    130,989,000

           Q_WC_X_16	    2	      1,000,000	    3,626,187,000	          275,772	  14	   12	  12,399	  15,462	 1,893	          2,000	         83,000	      1,444,000	      4,023,000	     35,345,000

           Q_WC_X_16	    3	      1,000,000	    3,543,301,000	          282,223	  14	   13	  11,032	  15,522	    56	          2,000	         44,000	        424,000	      1,962,000	     56,180,000

           Q_WC_X_16	    4	      1,000,000	    2,957,808,000	          338,088	  13	   12	   9,818	  12,510	    14	          1,000	         46,000	        156,000	        458,000	      8,865,000

           Q_WC_X_16	    5	      1,000,000	    3,788,463,000	          263,959	  14	   13	  11,852	  16,961	     0	          1,000	         39,000	        166,000	        489,000	     13,225,000

           Q_WC_X_16	    6	      1,000,000	    3,669,501,000	          272,517	  14	   12	  11,345	  16,097	     1	          2,000	         48,000	        215,000	        671,000	      4,834,000

           Q_WC_X_16	    7	      1,000,000	    3,639,138,000	          274,790	  14	   13	  11,337	  15,857	    34	          1,000	         43,000	        171,000	        520,000	      3,938,000

           Q_WC_X_16	    8	      1,000,000	    3,422,857,000	          292,154	  14	   13	  10,872	  14,961	    34	          2,000	         34,000	        138,000	      1,612,000	      5,600,000

           Q_WC_X_16	    9	      1,000,000	    3,427,300,000	          291,775	  13	   12	  10,872	  15,051	    17	          2,000	         40,000	        138,000	        409,000	      2,077,000

           Q_WC_X_16	   10	      1,000,000	    3,435,077,000	          291,114	  14	   13	  10,758	  14,559	     0	          2,000	         34,000	        221,000	      1,137,000	      5,392,000

COMMAND LINE: [-XX:+UseConcMarkSweepGC, -Xmx8G]
Conf: {Q.type=disruptor-latest, Q.disruptor.timeout=0}

           Test Name	  Num	     Iterations	          Time ns	       Throughput	  GC	GC ms	  USR ms	  SYS ms	JIT ms	    min latency	   latency 50th	   latency 90th	   latency 99th	    max latency
           Q_WC_X_16	    1	      1,000,000	    3,862,600,000	          258,893	  14	   12	  13,947	  15,546	 4,914	          3,000	         51,000	        912,000	      4,556,000	     89,792,000

           Q_WC_X_16	    2	      1,000,000	    3,198,266,000	          312,669	  14	   13	  10,844	  13,437	 1,172	              0	         88,000	        908,000	      3,307,000	    150,738,000

           Q_WC_X_16	    3	      1,000,000	    2,978,449,000	          335,745	  14	   12	   9,753	  13,261	     0	          2,000	         33,000	        190,000	      1,357,000	     24,083,000

           Q_WC_X_16	    4	      1,000,000	    2,797,976,000	          357,401	  13	   12	   9,204	  11,503	    15	          1,000	         39,000	        287,000	      1,951,000	      7,152,000

           Q_WC_X_16	    5	      1,000,000	    3,228,533,000	          309,738	  14	   13	  10,149	  14,645	     0	          2,000	         34,000	        215,000	      1,470,000	     33,604,000

           Q_WC_X_16	    6	      1,000,000	    2,789,381,000	          358,502	  13	   11	   9,334	  12,132	     0	          2,000	         34,000	        113,000	        470,000	      7,108,000

           Q_WC_X_16	    7	      1,000,000	    3,119,461,000	          320,568	  14	   12	  10,016	  13,913	    17	          2,000	         46,000	        555,000	     10,806,000	     56,790,000

           Q_WC_X_16	    8	      1,000,000	    2,897,778,000	          345,092	  13	   12	   9,369	  12,331	    35	          1,000	         32,000	        116,000	        469,000	     47,872,000

           Q_WC_X_16	    9	      1,000,000	    3,194,984,000	          312,991	  13	   14	   9,783	  12,212	    15	              0	         40,000	        185,000	        528,000	      2,731,000

           Q_WC_X_16	   10	      1,000,000	    3,077,551,000	          324,934	  13	   13	   9,691	  12,616	    14	          2,000	         41,000	        253,000	        724,000	     12,005,000

COMMAND LINE: [-XX:+UseConcMarkSweepGC, -Xmx8G]
Conf: {Q.type=disruptor-latest, Q.disruptor.lite-blocking=true, Q.disruptor.timeout=0}

           Test Name	  Num	     Iterations	          Time ns	       Throughput	  GC	GC ms	  USR ms	  SYS ms	JIT ms	    min latency	   latency 50th	   latency 90th	   latency 99th	    max latency
           Q_WC_X_16	    1	      1,000,000	    2,939,325,000	          340,214	  14	   14	  10,513	   7,596	 3,890	          2,000	        113,000	      1,791,000	     19,756,000	    209,456,000

           Q_WC_X_16	    2	      1,000,000	    1,892,743,000	          528,334	  13	   15	   7,418	   6,361	   890	          2,000	        310,000	      1,108,000	      5,189,000	    130,093,000

           Q_WC_X_16	    3	      1,000,000	    1,497,975,000	          667,568	  13	   14	   6,195	   4,706	     3	          2,000	        212,000	        316,000	        580,000	      5,771,000

           Q_WC_X_16	    4	      1,000,000	    1,880,410,000	          531,799	  13	   15	   6,981	   5,944	    77	          2,000	        263,000	        509,000	      2,314,000	     64,843,000

           Q_WC_X_16	    5	      1,000,000	    1,867,697,000	          535,419	  13	   15	   6,869	   5,641	     1	          2,000	        227,000	        342,000	        589,000	     19,357,000

           Q_WC_X_16	    6	      1,000,000	    1,719,298,000	          581,633	  13	   15	   6,652	   5,514	     1	          2,000	        224,000	        335,000	        561,000	     10,330,000

           Q_WC_X_16	    7	      1,000,000	    1,472,779,000	          678,988	  13	   14	   6,132	   4,568	    38	          2,000	        211,000	        325,000	        617,000	      9,007,000

           Q_WC_X_16	    8	      1,000,000	    1,835,530,000	          544,802	  13	   15	   6,710	   5,923	    77	          1,000	        155,000	        360,000	      2,698,000	     37,425,000

           Q_WC_X_16	    9	      1,000,000	    1,774,574,000	          563,516	  13	   14	   6,665	   5,946	     2	          2,000	        210,000	        324,000	        794,000	     98,157,000

           Q_WC_X_16	   10	      1,000,000	    1,346,272,000	          742,792	  13	   15	   5,840	   4,101	     0	          2,000	        217,000	        326,000	        586,000	     14,998,000

COMMAND LINE: [-XX:+UseConcMarkSweepGC, -Xmx8G]
Conf: {Q.type=disruptor-latest, Q.disruptor.lite-blocking=true, Q.batch-size=100, Q.disruptor.timeout=0}

           Test Name	  Num	     Iterations	          Time ns	       Throughput	  GC	GC ms	  USR ms	  SYS ms	JIT ms	    min latency	   latency 50th	   latency 90th	   latency 99th	    max latency
           Q_WC_X_16	    1	      1,000,000	    1,216,616,000	          821,952	  14	   22	   7,658	   1,440	 3,048	         25,000	        896,000	      1,940,000	     25,881,000	    190,474,000

           Q_WC_X_16	    2	      1,000,000	      919,464,000	        1,087,590	  13	   20	   5,017	   1,391	   703	         18,000	        760,000	      1,596,000	      3,086,000	     20,509,000

           Q_WC_X_16	    3	      1,000,000	      867,403,000	        1,152,867	  16	   26	   5,533	   1,098	   353	         12,000	        796,000	      2,094,000	      4,592,000	     91,785,000

           Q_WC_X_16	    4	      1,000,000	      801,978,000	        1,246,917	  16	   31	   5,054	   1,063	   278	         18,000	        644,000	      1,382,000	      2,700,000	     49,055,000

           Q_WC_X_16	    5	      1,000,000	      965,751,000	        1,035,464	  16	   26	   5,668	   1,713	   260	         19,000	        825,000	      2,392,000	      8,227,000	     95,842,000

           Q_WC_X_16	    6	      1,000,000	      823,490,000	        1,214,344	  16	   29	   4,982	   1,280	     1	         18,000	        659,000	      1,355,000	      2,279,000	     21,582,000

           Q_WC_X_16	    7	      1,000,000	      904,971,000	        1,105,008	  16	   27	   5,136	   1,577	    33	         21,000	        688,000	      1,512,000	      3,258,000	    138,362,000

           Q_WC_X_16	    8	      1,000,000	      893,930,000	        1,118,656	  16	   26	   5,233	   1,625	    29	         27,000	        749,000	      1,474,000	      2,464,000	      5,441,000

           Q_WC_X_16	    9	      1,000,000	      854,090,000	        1,170,837	  16	   28	   5,195	   1,361	    24	         18,000	        670,000	      1,438,000	      2,574,000	     23,721,000

           Q_WC_X_16	   10	      1,000,000	    1,007,585,000	          992,472	  16	   30	   5,444	   2,133	     2	         18,000	        543,000	      1,242,000	      5,036,000	     93,354,000

COMMAND LINE: [-XX:+UseConcMarkSweepGC, -Xmx8G]
Conf: {Q.type=disruptor-latest, Q.disruptor.lite-blocking=true, Q.batch-size=250, Q.disruptor.timeout=0}

           Test Name	  Num	     Iterations	          Time ns	       Throughput	  GC	GC ms	  USR ms	  SYS ms	JIT ms	    min latency	   latency 50th	   latency 90th	   latency 99th	    max latency
           Q_WC_X_16	    1	      1,000,000	    1,335,269,000	          748,913	  14	   27	   8,858	   1,357	 3,774	         27,000	      1,014,000	      9,023,000	     65,491,000	    211,702,000

           Q_WC_X_16	    2	      1,000,000	      770,373,000	        1,298,072	  13	   26	   4,820	     992	   774	         19,000	        737,000	      1,849,000	      7,812,000	     71,251,000

           Q_WC_X_16	    3	      1,000,000	      920,801,000	        1,086,011	  16	   34	   5,977	   1,014	   596	         29,000	        789,000	      2,375,000	      5,839,000	     73,640,000

           Q_WC_X_16	    4	      1,000,000	      951,695,000	        1,050,757	  16	   30	   5,243	   1,839	    27	         12,000	        872,000	      1,832,000	      4,663,000	     51,749,000

           Q_WC_X_16	    5	      1,000,000	      873,005,000	        1,145,469	  16	   32	   5,235	   1,463	   144	         15,000	        955,000	      3,102,000	     10,139,000	     53,913,000

           Q_WC_X_16	    6	      1,000,000	      875,755,000	        1,141,872	  16	   32	   5,248	   1,541	     5	         29,000	        920,000	      1,642,000	      2,461,000	     46,947,000

           Q_WC_X_16	    7	      1,000,000	      984,310,000	        1,015,940	  16	   30	   5,364	   2,145	    25	         43,000	        939,000	      1,710,000	      3,401,000	     11,797,000

           Q_WC_X_16	    8	      1,000,000	      931,043,000	        1,074,064	  16	   29	   5,281	   1,867	    28	         17,000	        847,000	      1,634,000	      4,151,000	    122,083,000

           Q_WC_X_16	    9	      1,000,000	      896,331,000	        1,115,659	  16	   35	   5,258	   1,630	    23	         63,000	        964,000	      1,725,000	      3,489,000	     11,955,000

           Q_WC_X_16	   10	      1,000,000	      930,391,000	        1,074,817	  16	   37	   5,343	   1,816	     2	         12,000	        755,000	      1,487,000	      2,686,000	     61,037,000

COMMAND LINE: [-XX:+UseConcMarkSweepGC, -Xmx8G]
Conf: {Q.type=disruptor-latest, Q.disruptor.lite-blocking=true, Q.batch-size=500, Q.disruptor.timeout=0}

           Test Name	  Num	     Iterations	          Time ns	       Throughput	  GC	GC ms	  USR ms	  SYS ms	JIT ms	    min latency	   latency 50th	   latency 90th	   latency 99th	    max latency
           Q_WC_X_16	    1	      1,000,000	    1,374,321,000	          727,632	  14	   33	   8,873	   1,296	 3,231	         19,000	      1,060,000	      8,191,000	     41,404,000	    129,067,000

           Q_WC_X_16	    2	      1,000,000	      838,954,000	        1,191,960	  13	   27	   5,008	   1,427	   694	          8,000	      1,507,000	     10,813,000	     44,938,000	    127,267,000

           Q_WC_X_16	    3	      1,000,000	      912,846,000	        1,095,475	  16	   38	   5,959	   1,036	   510	         23,000	        830,000	      3,240,000	     11,511,000	     70,080,000

           Q_WC_X_16	    4	      1,000,000	      923,295,000	        1,083,077	  16	   39	   5,225	   1,894	    28	         12,000	        917,000	      2,602,000	     12,011,000	    138,416,000

           Q_WC_X_16	    5	      1,000,000	      878,937,000	        1,137,738	  16	   36	   5,405	   1,215	   160	         16,000	        976,000	     15,634,000	     41,608,000	     87,505,000

           Q_WC_X_16	    6	      1,000,000	      999,098,000	        1,000,903	  16	   46	   5,470	   2,180	     6	         47,000	        991,000	      1,833,000	      4,303,000	     47,027,000

           Q_WC_X_16	    7	      1,000,000	      997,431,000	        1,002,576	  16	   44	   5,423	   2,127	    28	         54,000	      1,115,000	      2,268,000	      5,039,000	     16,847,000

           Q_WC_X_16	    8	      1,000,000	      901,376,000	        1,109,415	  16	   39	   5,280	   1,666	    26	         97,000	      1,059,000	      1,959,000	      4,781,000	     14,171,000

           Q_WC_X_16	    9	      1,000,000	      873,732,000	        1,144,516	  16	   41	   5,165	   1,512	    24	         33,000	      1,076,000	      2,089,000	      4,773,000	     15,987,000

           Q_WC_X_16	   10	      1,000,000	      940,459,000	        1,063,311	  16	   38	   5,246	   1,972	     4	         14,000	        972,000	      2,121,000	      4,930,000	    161,288,000

COMMAND LINE: [-XX:+UseConcMarkSweepGC, -Xmx8G]
Conf: {Q.batch-size=100}

           Test Name	  Num	     Iterations	          Time ns	       Throughput	  GC	GC ms	  USR ms	  SYS ms	JIT ms	    min latency	   latency 50th	   latency 90th	   latency 99th	    max latency
           Q_WC_X_16	    1	      1,000,000	    1,800,421,000	          555,426	  14	   20	  11,303	   2,561	 4,795	         15,000	        878,000	      2,645,000	     20,622,000	    253,564,000

           Q_WC_X_16	    2	      1,000,000	      916,560,000	        1,091,036	  13	   19	   5,280	   1,720	   908	         17,000	        698,000	      1,411,000	      2,488,000	    167,607,000

           Q_WC_X_16	    3	      1,000,000	      919,158,000	        1,087,952	  16	   28	   5,583	   1,530	   470	         15,000	        623,000	      1,445,000	      3,267,000	     55,685,000

           Q_WC_X_16	    4	      1,000,000	      937,147,000	        1,067,068	  16	   30	   5,323	   1,714	   222	          5,000	        812,000	      2,738,000	      6,157,000	      9,750,000

           Q_WC_X_16	    5	      1,000,000	    1,163,278,000	          859,640	  16	   29	   5,807	   3,112	     0	          9,000	        867,000	      1,580,000	      3,106,000	    104,507,000

           Q_WC_X_16	    6	      1,000,000	      970,536,000	        1,030,358	  16	   32	   5,409	   1,941	    14	         21,000	        820,000	      1,504,000	      2,536,000	      4,587,000

           Q_WC_X_16	    7	      1,000,000	      950,347,000	        1,052,247	  16	   29	   5,456	   1,879	    23	         26,000	        814,000	      1,507,000	      2,621,000	      5,265,000

           Q_WC_X_16	    8	      1,000,000	      996,507,000	        1,003,505	  16	   29	   5,514	   2,163	    28	         23,000	        819,000	      1,509,000	      2,576,000	      4,193,000

           Q_WC_X_16	    9	      1,000,000	    1,003,211,000	          996,799	  16	   30	   5,446	   2,192	     2	          4,000	        799,000	      1,464,000	      2,027,000	    122,560,000

