COMMAND LINE: [-XX:+UseConcMarkSweepGC, -Xmx8G]
Conf: {}

           Test Name	  Num	     Iterations	          Time ns	       Throughput	  GC	GC ms	  USR ms	  SYS ms	JIT ms	    min latency	   latency 50th	   latency 90th	   latency 99th	    max latency
           Q_WC_X_04	    1	      1,000,000	    2,937,009,000	          340,482	  13	    8	   8,323	   7,979	   851	          1,000	         17,000	         49,000	        147,000	      1,720,000

           Q_WC_X_04	    2	      1,000,000	    3,723,270,000	          268,581	  13	    8	   8,356	   9,294	   509	              0	         15,000	         44,000	        147,000	      3,474,000

           Q_WC_X_04	    3	      1,000,000	    3,162,245,000	          316,231	  13	    7	   7,727	   8,702	    71	          1,000	         14,000	         38,000	        137,000	        756,000

           Q_WC_X_04	    4	      1,000,000	    3,031,698,000	          329,848	  13	    7	   7,523	   8,266	    34	              0	         13,000	         38,000	        135,000	        773,000

           Q_WC_X_04	    5	      1,000,000	    3,037,709,000	          329,195	  13	    7	   7,558	   8,273	    72	          1,000	         13,000	         37,000	        133,000	        721,000

           Q_WC_X_04	    6	      1,000,000	    3,293,249,000	          303,652	  13	    8	   7,957	   8,925	     0	          1,000	         13,000	         39,000	        143,000	        852,000

           Q_WC_X_04	    7	      1,000,000	    3,101,395,000	          322,436	  13	    7	   7,668	   8,617	     0	          1,000	         13,000	         36,000	        127,000	        836,000

           Q_WC_X_04	    8	      1,000,000	    3,241,111,000	          308,536	  13	    8	   7,902	   8,844	     0	          1,000	         13,000	         39,000	        140,000	        803,000

           Q_WC_X_04	    9	      1,000,000	    3,095,532,000	          323,046	  13	    7	   7,615	   8,571	     0	          1,000	         13,000	         36,000	        121,000	        795,000

           Q_WC_X_04	   10	      1,000,000	    3,316,580,000	          301,515	  13	    8	   8,126	   9,015	     0	          1,000	         14,000	         39,000	        149,000	      1,032,000

COMMAND LINE: [-XX:+UseConcMarkSweepGC, -Xmx8G]
Conf: {Q.type=disruptor-latest}

           Test Name	  Num	     Iterations	          Time ns	       Throughput	  GC	GC ms	  USR ms	  SYS ms	JIT ms	    min latency	   latency 50th	   latency 90th	   latency 99th	    max latency
           Q_WC_X_04	    1	      1,000,000	    2,734,236,000	          365,733	  13	    7	   7,365	   7,344	   534	          1,000	         16,000	         55,000	        193,000	      3,308,000

           Q_WC_X_04	    2	      1,000,000	    2,924,935,000	          341,888	  13	    7	   7,510	   7,758	   522	          1,000	         14,000	         48,000	        435,000	      3,057,000

           Q_WC_X_04	    3	      1,000,000	    2,817,985,000	          354,863	  13	    8	   6,964	   7,725	    98	          1,000	         13,000	         37,000	        131,000	        793,000

           Q_WC_X_04	    4	      1,000,000	    2,954,189,000	          338,502	  13	    7	   7,102	   8,102	    36	          1,000	         13,000	         39,000	        139,000	        807,000

           Q_WC_X_04	    5	      1,000,000	    3,004,011,000	          332,888	  13	    7	   7,193	   8,250	     0	          1,000	         13,000	         39,000	        139,000	        973,000

           Q_WC_X_04	    6	      1,000,000	    2,917,946,000	          342,707	  13	    8	   6,903	   8,097	     0	          1,000	         14,000	         40,000	        123,000	        823,000

           Q_WC_X_04	    7	      1,000,000	    3,037,004,000	          329,272	  13	    8	   7,249	   8,314	     0	          1,000	         14,000	         40,000	        130,000	        765,000

           Q_WC_X_04	    8	      1,000,000	    3,021,665,000	          330,943	  13	    8	   7,180	   8,461	     0	          1,000	         14,000	         39,000	        115,000	        776,000

           Q_WC_X_04	    9	      1,000,000	    3,133,531,000	          319,129	  13	    8	   7,595	   8,290	     0	              0	         14,000	         39,000	        134,000	        800,000

           Q_WC_X_04	   10	      1,000,000	    3,021,037,000	          331,012	  13	    8	   7,353	   7,717	     0	          1,000	         14,000	         43,000	        162,000	      1,757,000

COMMAND LINE: [-XX:+UseConcMarkSweepGC, -Xmx8G]
Conf: {Q.type=disruptor-latest, Q.disruptor.timeout=0}

           Test Name	  Num	     Iterations	          Time ns	       Throughput	  GC	GC ms	  USR ms	  SYS ms	JIT ms	    min latency	   latency 50th	   latency 90th	   latency 99th	    max latency
           Q_WC_X_04	    1	      1,000,000	    2,459,530,000	          406,582	  13	    8	   7,007	   5,786	   670	          1,000	         15,000	         58,000	        271,000	      2,284,000

           Q_WC_X_04	    2	      1,000,000	    2,248,843,000	          444,673	  13	    8	   6,476	   5,446	   282	          1,000	         14,000	         63,000	        541,000	      2,492,000

           Q_WC_X_04	    3	      1,000,000	    2,494,424,000	          400,894	  13	    7	   6,485	   6,121	   179	          1,000	         12,000	         36,000	         94,000	        832,000

           Q_WC_X_04	    4	      1,000,000	    2,380,687,000	          420,047	  13	    8	   6,399	   5,770	    38	          1,000	         11,000	         34,000	        129,000	        837,000

           Q_WC_X_04	    5	      1,000,000	    2,423,364,000	          412,650	  13	    8	   6,520	   5,906	     0	          1,000	         11,000	         33,000	        128,000	        945,000

           Q_WC_X_04	    6	      1,000,000	    2,547,087,000	          392,605	  13	    8	   6,793	   6,288	     0	          1,000	         11,000	         34,000	        135,000	        969,000

           Q_WC_X_04	    7	      1,000,000	    2,270,058,000	          440,517	  13	    9	   6,052	   5,265	     1	          1,000	         12,000	         37,000	        101,000	        947,000

           Q_WC_X_04	    8	      1,000,000	    2,450,751,000	          408,038	  13	    8	   6,575	   6,065	    35	          1,000	         12,000	         33,000	         78,000	        867,000

           Q_WC_X_04	    9	      1,000,000	    2,598,363,000	          384,858	  13	    8	   6,619	   6,725	     0	          1,000	         12,000	         37,000	        140,000	        807,000

           Q_WC_X_04	   10	      1,000,000	    2,636,106,000	          379,347	  13	    8	   6,755	   6,796	    37	          1,000	         12,000	         37,000	        121,000	      1,006,000

COMMAND LINE: [-XX:+UseConcMarkSweepGC, -Xmx8G]
Conf: {Q.type=disruptor-latest, Q.disruptor.lite-blocking=true, Q.disruptor.timeout=0}

           Test Name	  Num	     Iterations	          Time ns	       Throughput	  GC	GC ms	  USR ms	  SYS ms	JIT ms	    min latency	   latency 50th	   latency 90th	   latency 99th	    max latency
           Q_WC_X_04	    1	      1,000,000	      986,734,000	        1,013,444	  13	    8	   4,896	   1,433	   722	              0	         13,000	         93,000	        591,000	      1,534,000

           Q_WC_X_04	    2	      1,000,000	      814,412,000	        1,227,880	  13	    8	   4,068	     845	   272	          1,000	         12,000	        156,000	        726,000	      3,275,000

           Q_WC_X_04	    3	      1,000,000	      755,219,000	        1,324,119	  13	    8	   3,944	     936	    95	          1,000	         11,000	         37,000	        124,000	        919,000

           Q_WC_X_04	    4	      1,000,000	      859,890,000	        1,162,939	  13	    8	   4,418	   1,573	    31	          1,000	          8,000	         18,000	         31,000	        914,000

           Q_WC_X_04	    5	      1,000,000	      848,494,000	        1,178,559	  13	    7	   4,397	   1,543	     0	          1,000	          9,000	         18,000	         31,000	        870,000

           Q_WC_X_04	    6	      1,000,000	      772,164,000	        1,295,062	  13	    9	   3,879	     842	     0	          1,000	         12,000	         50,000	        146,000	      1,027,000

           Q_WC_X_04	    7	      1,000,000	    1,074,210,000	          930,917	  13	    9	   4,274	   1,690	     0	          1,000	         10,000	         25,000	        124,000	        369,000

           Q_WC_X_04	    8	      1,000,000	      783,110,000	        1,276,960	  13	    8	   4,103	   1,251	     0	          1,000	          8,000	         18,000	         31,000	        884,000

           Q_WC_X_04	    9	      1,000,000	      762,691,000	        1,311,147	  13	    8	   3,968	     976	     0	          1,000	          9,000	         23,000	         71,000	        946,000

           Q_WC_X_04	   10	      1,000,000	      832,108,000	        1,201,767	  13	    9	   4,319	   1,476	    28	          1,000	          8,000	         19,000	         41,000	        847,000

COMMAND LINE: [-XX:+UseConcMarkSweepGC, -Xmx8G]
Conf: {Q.type=disruptor-latest, Q.disruptor.lite-blocking=true, Q.batch-size=100, Q.disruptor.timeout=0}

           Test Name	  Num	     Iterations	          Time ns	       Throughput	  GC	GC ms	  USR ms	  SYS ms	JIT ms	    min latency	   latency 50th	   latency 90th	   latency 99th	    max latency
           Q_WC_X_04	    1	      1,000,000	      786,152,000	        1,272,019	  13	    9	   4,135	     561	   752	          8,000	         65,000	        357,000	      1,185,000	      4,011,000

           Q_WC_X_04	    2	      1,000,000	      631,464,000	        1,583,622	  13	    9	   3,116	     368	   446	          8,000	        110,000	        284,000	        838,000	      2,295,000

           Q_WC_X_04	    3	      1,000,000	      497,629,000	        2,009,529	  13	    9	   3,036	     290	   134	          9,000	         57,000	        103,000	        185,000	      1,105,000

           Q_WC_X_04	    4	      1,000,000	      508,392,000	        1,966,986	  13	    9	   2,982	     308	    33	          6,000	         59,000	        116,000	        255,000	      1,494,000

           Q_WC_X_04	    5	      1,000,000	      493,757,000	        2,025,288	  13	    9	   3,018	     294	     1	          8,000	         55,000	         95,000	        141,000	      1,186,000

           Q_WC_X_04	    6	      1,000,000	      491,004,000	        2,036,643	  13	   10	   3,025	     293	     0	          8,000	         55,000	         94,000	        136,000	      1,092,000

           Q_WC_X_04	    7	      1,000,000	      496,274,000	        2,015,016	  13	    9	   3,050	     287	     0	          9,000	         56,000	         97,000	        156,000	      1,115,000

           Q_WC_X_04	    8	      1,000,000	      524,646,000	        1,906,047	  13	   11	   3,061	     300	     0	          9,000	         59,000	        110,000	        236,000	      1,522,000

           Q_WC_X_04	    9	      1,000,000	      524,436,000	        1,906,810	  13	   10	   3,197	     302	     0	          6,000	         61,000	        106,000	        206,000	      1,482,000

           Q_WC_X_04	   10	      1,000,000	      573,592,000	        1,743,399	  15	   12	   3,478	     324	   105	          9,000	         65,000	        195,000	        467,000	      1,469,000

COMMAND LINE: [-XX:+UseConcMarkSweepGC, -Xmx8G]
Conf: {Q.type=disruptor-latest, Q.disruptor.lite-blocking=true, Q.batch-size=250, Q.disruptor.timeout=0}

           Test Name	  Num	     Iterations	          Time ns	       Throughput	  GC	GC ms	  USR ms	  SYS ms	JIT ms	    min latency	   latency 50th	   latency 90th	   latency 99th	    max latency
           Q_WC_X_04	    1	      1,000,000	      684,414,000	        1,461,104	  13	   11	   3,527	     358	   685	         11,000	        174,000	        727,000	      1,382,000	      4,031,000

           Q_WC_X_04	    2	      1,000,000	      542,204,000	        1,844,324	  13	   11	   2,896	     215	   268	         17,000	        151,000	        499,000	      1,500,000	      2,816,000

           Q_WC_X_04	    3	      1,000,000	      428,864,000	        2,331,742	  13	   10	   2,703	     151	   136	         11,000	        108,000	        199,000	        314,000	      1,381,000

           Q_WC_X_04	    4	      1,000,000	      450,822,000	        2,218,170	  13	   10	   2,818	     164	    31	         14,000	        115,000	        206,000	        310,000	      1,602,000

           Q_WC_X_04	    5	      1,000,000	      449,411,000	        2,225,135	  13	   11	   2,821	     159	     0	         13,000	        115,000	        208,000	        308,000	      1,439,000

           Q_WC_X_04	    6	      1,000,000	      451,208,000	        2,216,273	  13	   12	   2,868	     152	     0	         19,000	        116,000	        204,000	        301,000	      1,560,000

           Q_WC_X_04	    7	      1,000,000	      448,066,000	        2,231,814	  13	   11	   2,836	     163	     0	         15,000	        117,000	        209,000	        310,000	      1,306,000

           Q_WC_X_04	    8	      1,000,000	      500,156,000	        1,999,376	  13	   11	   2,916	     201	     0	         12,000	        133,000	        249,000	        498,000	      2,323,000

           Q_WC_X_04	    9	      1,000,000	      475,739,000	        2,101,993	  13	   11	   2,967	     173	     0	         13,000	        118,000	        213,000	        338,000	      1,620,000

           Q_WC_X_04	   10	      1,000,000	      523,501,000	        1,910,216	  15	   14	   3,172	     180	    70	         14,000	        131,000	        279,000	        661,000	      1,994,000

COMMAND LINE: [-XX:+UseConcMarkSweepGC, -Xmx8G]
Conf: {Q.type=disruptor-latest, Q.disruptor.lite-blocking=true, Q.batch-size=500, Q.disruptor.timeout=0}

           Test Name	  Num	     Iterations	          Time ns	       Throughput	  GC	GC ms	  USR ms	  SYS ms	JIT ms	    min latency	   latency 50th	   latency 90th	   latency 99th	    max latency
           Q_WC_X_04	    1	      1,000,000	      698,454,000	        1,431,734	  13	   13	   3,992	     370	   858	         20,000	        296,000	      1,213,000	      2,135,000	      4,528,000

           Q_WC_X_04	    2	      1,000,000	      528,167,000	        1,893,341	  13	   13	   2,821	     260	   189	         22,000	        237,000	        505,000	      1,310,000	      2,716,000

           Q_WC_X_04	    3	      1,000,000	      493,604,000	        2,025,916	  13	   14	   2,827	     220	   140	         13,000	        207,000	        406,000	        726,000	      2,244,000

           Q_WC_X_04	    4	      1,000,000	      494,507,000	        2,022,216	  13	   13	   2,778	     223	   100	         18,000	        211,000	        408,000	        651,000	      1,811,000

           Q_WC_X_04	    5	      1,000,000	      503,756,000	        1,985,088	  13	   13	   2,816	     235	     4	         11,000	        215,000	        418,000	        666,000	      2,476,000

           Q_WC_X_04	    6	      1,000,000	      514,297,000	        1,944,402	  13	   14	   2,857	     234	     0	         25,000	        221,000	        427,000	        670,000	      1,865,000

           Q_WC_X_04	    7	      1,000,000	      501,764,000	        1,992,969	  13	   14	   2,819	     236	     0	         18,000	        212,000	        409,000	        668,000	      2,287,000

           Q_WC_X_04	    8	      1,000,000	      528,980,000	        1,890,431	  13	   14	   2,911	     241	     0	         12,000	        217,000	        426,000	        913,000	      2,538,000

           Q_WC_X_04	    9	      1,000,000	      563,903,000	        1,773,355	  13	   15	   2,795	     271	     3	         19,000	        239,000	        492,000	        900,000	     13,360,000

           Q_WC_X_04	   10	      1,000,000	      573,816,000	        1,742,719	  15	   17	   3,205	     250	    82	         24,000	        232,000	        488,000	      1,185,000	      2,431,000

COMMAND LINE: [-XX:+UseConcMarkSweepGC, -Xmx8G]
Conf: {Q.batch-size=100}

           Test Name	  Num	     Iterations	          Time ns	       Throughput	  GC	GC ms	  USR ms	  SYS ms	JIT ms	    min latency	   latency 50th	   latency 90th	   latency 99th	    max latency
           Q_WC_X_04	    1	      1,000,000	      876,282,000	        1,141,185	  13	   10	   4,403	     552	   955	          7,000	         89,000	        650,000	      1,541,000	      3,828,000

           Q_WC_X_04	    2	      1,000,000	      639,392,000	        1,563,986	  13	   11	   3,327	     381	   851	          8,000	         91,000	        214,000	        528,000	     12,815,000

           Q_WC_X_04	    3	      1,000,000	      524,085,000	        1,908,087	  13	    9	   2,907	     303	   162	          5,000	         62,000	        124,000	        219,000	      1,237,000

           Q_WC_X_04	    4	      1,000,000	      590,617,000	        1,693,145	  13	   10	   2,845	     405	   112	          8,000	         70,000	        142,000	        235,000	      1,272,000

           Q_WC_X_04	    5	      1,000,000	      536,872,000	        1,862,641	  13	    9	   3,115	     380	     9	          8,000	         56,000	        100,000	        155,000	      1,161,000

           Q_WC_X_04	    6	      1,000,000	      686,358,000	        1,456,966	  13	    9	   3,013	     542	   140	              0	         75,000	        165,000	        323,000	      1,556,000

           Q_WC_X_04	    7	      1,000,000	      557,208,000	        1,794,662	  13	   10	   3,034	     349	    21	         10,000	         62,000	        123,000	        238,000	      1,616,000

           Q_WC_X_04	    8	      1,000,000	      526,537,000	        1,899,202	  13	   10	   3,086	     367	     0	          6,000	         57,000	        101,000	        156,000	      1,425,000

           Q_WC_X_04	    9	      1,000,000	      539,600,000	        1,853,225	  13	    9	   3,140	     373	     1	          9,000	         57,000	        101,000	        149,000	      1,060,000

           Q_WC_X_04	   10	      1,000,000	      558,800,000	        1,789,549	  15	   11	   3,262	     382	    32	          6,000	         60,000	        131,000	        398,000	      1,290,000

COMMAND LINE: [-XX:+UseConcMarkSweepGC, -Xmx8G]
Conf: {Q.batch-size=250}

           Test Name	  Num	     Iterations	          Time ns	       Throughput	  GC	GC ms	  USR ms	  SYS ms	JIT ms	    min latency	   latency 50th	   latency 90th	   latency 99th	    max latency
           Q_WC_X_04	    1	      1,000,000	      713,030,000	        1,402,466	  13	   11	   4,071	     391	   832	         17,000	        190,000	        994,000	      1,846,000	      6,138,000

           Q_WC_X_04	    2	      1,000,000	      485,280,000	        2,060,666	  13	   11	   3,044	     179	   176	         16,000	        119,000	        269,000	      1,018,000	      1,891,000

           Q_WC_X_04	    3	      1,000,000	      477,414,000	        2,094,618	  13	   10	   2,757	     197	   120	         18,000	        109,000	        197,000	        300,000	      1,416,000

           Q_WC_X_04	    4	      1,000,000	      466,998,000	        2,141,337	  13	   11	   2,886	     179	   111	         16,000	        111,000	        200,000	        300,000	      1,345,000

           Q_WC_X_04	    5	      1,000,000	      484,009,000	        2,066,077	  13	   10	   2,923	     184	    30	          9,000	        118,000	        215,000	        323,000	      1,153,000

           Q_WC_X_04	    6	      1,000,000	      482,749,000	        2,071,470	  13	   11	   2,931	     191	     1	         15,000	        117,000	        214,000	        329,000	      1,627,000

           Q_WC_X_04	    7	      1,000,000	      476,506,000	        2,098,609	  13	   11	   2,913	     182	     1	         11,000	        117,000	        213,000	        320,000	      1,363,000

           Q_WC_X_04	    8	      1,000,000	      539,865,000	        1,852,315	  13	   11	   2,727	     239	     0	         11,000	        130,000	        257,000	        456,000	      1,340,000

           Q_WC_X_04	    9	      1,000,000	      505,811,000	        1,977,023	  13	   11	   2,942	     202	     1	         19,000	        120,000	        218,000	        345,000	      1,500,000

           Q_WC_X_04	   10	      1,000,000	      525,455,000	        1,903,113	  15	   12	   3,140	     227	    36	         17,000	        124,000	        265,000	      1,009,000	      2,097,000

COMMAND LINE: [-XX:+UseConcMarkSweepGC, -Xmx8G]
Conf: {Q.batch-size=500}

           Test Name	  Num	     Iterations	          Time ns	       Throughput	  GC	GC ms	  USR ms	  SYS ms	JIT ms	    min latency	   latency 50th	   latency 90th	   latency 99th	    max latency
           Q_WC_X_04	    1	      1,000,000	      730,087,000	        1,369,700	  13	   13	   4,300	     403	 1,110	         22,000	        252,000	      1,016,000	      1,827,000	      7,628,000

           Q_WC_X_04	    2	      1,000,000	      531,962,000	        1,879,834	  13	   15	   3,134	     230	   276	         14,000	        238,000	        732,000	      1,715,000	      3,488,000

           Q_WC_X_04	    3	      1,000,000	      503,469,000	        1,986,220	  13	   13	   2,851	     233	   150	         18,000	        220,000	        420,000	        666,000	      2,279,000

           Q_WC_X_04	    4	      1,000,000	      497,832,000	        2,008,710	  13	   13	   2,790	     245	    30	         15,000	        215,000	        410,000	        707,000	      2,223,000

           Q_WC_X_04	    5	      1,000,000	      505,558,000	        1,978,012	  13	   13	   2,829	     244	     8	         15,000	        216,000	        414,000	        655,000	      2,246,000

           Q_WC_X_04	    6	      1,000,000	      514,747,000	        1,942,702	  13	   15	   2,889	     252	     8	         16,000	        217,000	        419,000	        668,000	      2,369,000

           Q_WC_X_04	    7	      1,000,000	      535,774,000	        1,866,459	  13	   14	   2,926	     249	     1	         21,000	        226,000	        432,000	        665,000	      2,122,000

           Q_WC_X_04	    8	      1,000,000	      539,336,000	        1,854,132	  13	   14	   2,842	     278	     0	         21,000	        229,000	        451,000	        797,000	      2,366,000

           Q_WC_X_04	    9	      1,000,000	      514,002,000	        1,945,518	  13	   13	   2,863	     242	     2	         16,000	        221,000	        432,000	        750,000	      1,960,000

           Q_WC_X_04	   10	      1,000,000	      557,463,000	        1,793,841	  15	   16	   3,103	     264	    36	         24,000	        232,000	        511,000	      1,167,000	      2,084,000

