COMMAND LINE: [-XX:+UseConcMarkSweepGC, -Xmx8G]
Conf: {}

           Test Name	  Num	     Iterations	          Time ns	       Throughput	  GC	GC ms	  USR ms	  SYS ms	JIT ms
           Q_WC_X_08	    1	      1,000,000	    2,680,678,000	          373,040	  14	    9	   9,493	   9,089	 1,299

           Q_WC_X_08	    2	      1,000,000	    2,393,002,000	          417,885	  13	    8	   8,370	   8,037	   535

           Q_WC_X_08	    3	      1,000,000	    2,908,775,000	          343,787	  14	    9	   8,953	  10,282	     1

           Q_WC_X_08	    4	      1,000,000	    2,786,342,000	          358,893	  14	    8	   8,608	   9,791	     1

           Q_WC_X_08	    5	      1,000,000	    2,743,936,000	          364,440	  14	    9	   8,764	   9,697	     0

           Q_WC_X_08	    6	      1,000,000	    3,336,856,000	          299,683	  14	    9	  10,150	  11,680	     1

           Q_WC_X_08	    7	      1,000,000	    2,895,614,000	          345,350	  14	    8	   9,132	  10,508	     1

           Q_WC_X_08	    8	      1,000,000	    3,044,013,000	          328,514	  14	    9	   9,383	  10,595	    24

           Q_WC_X_08	    9	      1,000,000	    3,039,754,000	          328,974	  14	   10	   9,505	  10,682	     1

           Q_WC_X_08	   10	      1,000,000	    3,143,929,000	          318,073	  14	    8	   9,694	  11,054	     0

COMMAND LINE: [-XX:+UseConcMarkSweepGC, -Xmx8G]
Conf: {Q.type=disruptor-latest}

           Test Name	  Num	     Iterations	          Time ns	       Throughput	  GC	GC ms	  USR ms	  SYS ms	JIT ms
           Q_WC_X_08	    1	      1,000,000	    3,018,563,000	          331,283	  14	   10	  10,558	  10,200	 1,566

           Q_WC_X_08	    2	      1,000,000	    2,744,478,000	          364,368	  13	    9	   9,186	   9,566	   604

           Q_WC_X_08	    3	      1,000,000	    2,635,029,000	          379,502	  13	    9	   8,244	   9,674	     1

           Q_WC_X_08	    4	      1,000,000	    2,683,819,000	          372,603	  13	    8	   8,556	   9,463	     0

           Q_WC_X_08	    5	      1,000,000	    2,682,553,000	          372,779	  13	    9	   8,550	   9,622	     0

           Q_WC_X_08	    6	      1,000,000	    2,676,128,000	          373,674	  13	    9	   8,430	   9,514	     0

           Q_WC_X_08	    7	      1,000,000	    2,603,731,000	          384,064	  13	   10	   8,453	   9,429	     0

           Q_WC_X_08	    8	      1,000,000	    2,821,161,000	          354,464	  13	    8	   8,956	  10,347	    37

           Q_WC_X_08	    9	      1,000,000	    2,726,184,000	          366,813	  13	   10	   8,820	   9,832	    38

           Q_WC_X_08	   10	      1,000,000	    2,762,651,000	          361,971	  13	    9	   8,561	  10,232	     0

COMMAND LINE: [-XX:+UseConcMarkSweepGC, -Xmx8G]
Conf: {Q.type=disruptor-latest, Q.disruptor.timeout=0}

           Test Name	  Num	     Iterations	          Time ns	       Throughput	  GC	GC ms	  USR ms	  SYS ms	JIT ms
           Q_WC_X_08	    1	      1,000,000	    2,320,723,000	          430,900	  14	   10	   9,162	   7,426	 1,781

           Q_WC_X_08	    2	      1,000,000	    2,283,608,000	          437,904	  13	   10	   8,179	   7,593	   365

           Q_WC_X_08	    3	      1,000,000	    2,265,656,000	          441,373	  13	    9	   7,792	   7,967	    55

           Q_WC_X_08	    4	      1,000,000	    2,147,008,000	          465,764	  13	   10	   7,531	   7,476	     0

           Q_WC_X_08	    5	      1,000,000	    2,060,326,000	          485,360	  13	    9	   7,314	   6,984	     0

           Q_WC_X_08	    6	      1,000,000	    2,316,703,000	          431,648	  13	    9	   7,877	   7,929	     0

           Q_WC_X_08	    7	      1,000,000	    2,397,644,000	          417,076	  13	    9	   7,904	   7,974	     0

           Q_WC_X_08	    8	      1,000,000	    2,277,243,000	          439,127	  13	    9	   7,888	   7,877	    38

           Q_WC_X_08	    9	      1,000,000	    2,248,007,000	          444,838	  13	    9	   7,818	   7,852	    38

           Q_WC_X_08	   10	      1,000,000	    2,435,958,000	          410,516	  13	    9	   8,153	   8,590	     0

COMMAND LINE: [-XX:+UseConcMarkSweepGC, -Xmx8G]
Conf: {Q.type=disruptor-latest, Q.disruptor.lite-blocking=true, Q.disruptor.timeout=0}

           Test Name	  Num	     Iterations	          Time ns	       Throughput	  GC	GC ms	  USR ms	  SYS ms	JIT ms
           Q_WC_X_08	    1	      1,000,000	    1,062,681,000	          941,016	  13	    9	   5,826	   1,705	 1,475

           Q_WC_X_08	    2	      1,000,000	      948,020,000	        1,054,830	  13	    9	   4,569	   1,800	   345

           Q_WC_X_08	    3	      1,000,000	      912,100,000	        1,096,371	  13	   11	   4,562	   1,686	     2

           Q_WC_X_08	    4	      1,000,000	    1,027,377,000	          973,353	  13	   10	   4,871	   2,115	     1

           Q_WC_X_08	    5	      1,000,000	    1,055,911,000	          947,050	  13	   12	   4,959	   2,281	     0

           Q_WC_X_08	    6	      1,000,000	    1,017,662,000	          982,645	  13	   10	   4,751	   1,848	     2

           Q_WC_X_08	    7	      1,000,000	    1,231,172,000	          812,234	  13	   11	   5,083	   2,573	     0

           Q_WC_X_08	    8	      1,000,000	      918,470,000	        1,088,767	  13	   12	   4,822	   1,732	    31

           Q_WC_X_08	    9	      1,000,000	    1,055,375,000	          947,530	  13	   11	   4,911	   2,501	    30

           Q_WC_X_08	   10	      1,000,000	      963,572,000	        1,037,805	  13	   10	   4,730	   1,916	     0

COMMAND LINE: [-XX:+UseConcMarkSweepGC, -Xmx8G]
Conf: {Q.type=disruptor-latest, Q.disruptor.lite-blocking=true, Q.batch-size=100, Q.disruptor.timeout=0}

           Test Name	  Num	     Iterations	          Time ns	       Throughput	  GC	GC ms	  USR ms	  SYS ms	JIT ms
           Q_WC_X_08	    1	      1,000,000	      861,514,000	        1,160,747	  14	   15	   5,562	     582	 1,611

           Q_WC_X_08	    2	      1,000,000	      565,868,000	        1,767,197	  13	   14	   3,752	     418	   390

           Q_WC_X_08	    3	      1,000,000	      573,864,000	        1,742,573	  13	   14	   3,634	     529	     1

           Q_WC_X_08	    4	      1,000,000	      620,563,000	        1,611,440	  13	   14	   3,726	     598	     1

           Q_WC_X_08	    5	      1,000,000	      667,018,000	        1,499,210	  14	   15	   4,184	     522	   309

           Q_WC_X_08	    6	      1,000,000	      672,472,000	        1,487,051	  16	   19	   4,193	     536	    46

           Q_WC_X_08	    7	      1,000,000	      608,807,000	        1,642,557	  16	   19	   4,090	     458	     4

           Q_WC_X_08	    8	      1,000,000	      615,298,000	        1,625,229	  16	   18	   4,002	     480	     0

           Q_WC_X_08	    9	      1,000,000	      635,017,000	        1,574,761	  16	   20	   4,114	     544	     0

           Q_WC_X_08	   10	      1,000,000	      732,560,000	        1,365,076	  16	   18	   4,182	     858	     1

COMMAND LINE: [-XX:+UseConcMarkSweepGC, -Xmx8G]
Conf: {Q.type=disruptor-latest, Q.disruptor.lite-blocking=true, Q.batch-size=250, Q.disruptor.timeout=0}

           Test Name	  Num	     Iterations	          Time ns	       Throughput	  GC	GC ms	  USR ms	  SYS ms	JIT ms
           Q_WC_X_08	    1	      1,000,000	    1,058,738,000	          944,521	  14	   19	   7,460	     520	 2,841

           Q_WC_X_08	    2	      1,000,000	      750,276,000	        1,332,843	  13	   18	   4,783	     796	   825

           Q_WC_X_08	    3	      1,000,000	      554,800,000	        1,802,451	  13	   19	   3,622	     403	   104

           Q_WC_X_08	    4	      1,000,000	      553,638,000	        1,806,234	  13	   17	   3,494	     533	     1

           Q_WC_X_08	    5	      1,000,000	      610,802,000	        1,637,192	  14	   20	   3,989	     537	   172

           Q_WC_X_08	    6	      1,000,000	      642,064,000	        1,557,477	  16	   23	   3,942	     717	     0

           Q_WC_X_08	    7	      1,000,000	      602,062,000	        1,660,959	  16	   26	   3,983	     509	     3

           Q_WC_X_08	    8	      1,000,000	      597,046,000	        1,674,913	  16	   24	   3,922	     464	     0

           Q_WC_X_08	    9	      1,000,000	      599,446,000	        1,668,207	  16	   24	   3,934	     523	     1

           Q_WC_X_08	   10	      1,000,000	      658,987,000	        1,517,481	  16	   22	   3,919	     652	     0

COMMAND LINE: [-XX:+UseConcMarkSweepGC, -Xmx8G]
Conf: {Q.type=disruptor-latest, Q.disruptor.lite-blocking=true, Q.batch-size=500, Q.disruptor.timeout=0}

           Test Name	  Num	     Iterations	          Time ns	       Throughput	  GC	GC ms	  USR ms	  SYS ms	JIT ms
           Q_WC_X_08	    1	      1,000,000	      963,959,000	        1,037,389	  13	   24	   6,483	     631	 2,063

           Q_WC_X_08	    2	      1,000,000	      601,318,000	        1,663,014	  13	   26	   4,092	     474	   452

           Q_WC_X_08	    3	      1,000,000	      577,392,000	        1,731,926	  13	   23	   3,747	     523	     2

           Q_WC_X_08	    4	      1,000,000	      586,404,000	        1,705,309	  13	   27	   3,890	     503	     0

           Q_WC_X_08	    5	      1,000,000	      638,676,000	        1,565,739	  14	   30	   4,281	     480	   250

           Q_WC_X_08	    6	      1,000,000	      659,299,000	        1,516,763	  16	   30	   4,240	     612	     0

           Q_WC_X_08	    7	      1,000,000	      691,415,000	        1,446,309	  16	   36	   4,334	     702	     4

           Q_WC_X_08	    8	      1,000,000	      681,401,000	        1,467,565	  16	   33	   4,293	     676	     0

           Q_WC_X_08	    9	      1,000,000	      634,700,000	        1,575,548	  16	   34	   4,224	     530	     1

           Q_WC_X_08	   10	      1,000,000	      692,762,000	        1,443,497	  16	   34	   4,352	     802	     0

COMMAND LINE: [-XX:+UseConcMarkSweepGC, -Xmx8G]
Conf: {Q.batch-size=100}

           Test Name	  Num	     Iterations	          Time ns	       Throughput	  GC	GC ms	  USR ms	  SYS ms	JIT ms
           Q_WC_X_08	    1	      1,000,000	    1,188,632,000	          841,303	  14	   14	   7,466	     963	 2,306

           Q_WC_X_08	    2	      1,000,000	      775,913,000	        1,288,804	  13	   13	   4,521	     674	 1,246

           Q_WC_X_08	    3	      1,000,000	      651,724,000	        1,534,392	  13	   15	   3,649	     651	    31

           Q_WC_X_08	    4	      1,000,000	      625,418,000	        1,598,931	  13	   14	   3,776	     774	     2

           Q_WC_X_08	    5	      1,000,000	      657,217,000	        1,521,567	  14	   16	   3,986	     748	    87

           Q_WC_X_08	    6	      1,000,000	      684,865,000	        1,460,142	  16	   19	   4,291	     708	    78

           Q_WC_X_08	    7	      1,000,000	      689,248,000	        1,450,857	  16	   19	   4,243	     745	     1

           Q_WC_X_08	    8	      1,000,000	      715,213,000	        1,398,185	  16	   19	   4,300	     883	     2

           Q_WC_X_08	    9	      1,000,000	      684,714,000	        1,460,464	  16	   18	   4,168	     724	     0

           Q_WC_X_08	   10	      1,000,000	      725,147,000	        1,379,031	  16	   19	   4,242	     740	    29

COMMAND LINE: [-XX:+UseConcMarkSweepGC, -Xmx8G]
Conf: {Q.batch-size=250}

           Test Name	  Num	     Iterations	          Time ns	       Throughput	  GC	GC ms	  USR ms	  SYS ms	JIT ms
           Q_WC_X_08	    1	      1,000,000	    1,260,933,000	          793,064	  13	   18	   8,485	     822	 3,314

           Q_WC_X_08	    2	      1,000,000	      607,535,000	        1,645,996	  13	   18	   4,034	     482	   515

           Q_WC_X_08	    3	      1,000,000	      560,186,000	        1,785,121	  13	   17	   3,742	     507	    44

           Q_WC_X_08	    4	      1,000,000	      561,613,000	        1,780,586	  13	   18	   3,735	     465	    31

           Q_WC_X_08	    5	      1,000,000	      631,233,000	        1,584,201	  14	   20	   4,168	     494	   183

           Q_WC_X_08	    6	      1,000,000	      653,232,000	        1,530,850	  16	   23	   4,113	     544	     2

           Q_WC_X_08	    7	      1,000,000	      647,563,000	        1,544,251	  16	   22	   4,197	     621	     5

           Q_WC_X_08	    8	      1,000,000	      648,011,000	        1,543,184	  16	   25	   4,210	     618	     0

           Q_WC_X_08	    9	      1,000,000	      633,128,000	        1,579,459	  16	   25	   4,178	     577	     1

           Q_WC_X_08	   10	      1,000,000	      626,323,000	        1,596,620	  16	   23	   4,152	     555	     0

COMMAND LINE: [-XX:+UseConcMarkSweepGC, -Xmx8G]
Conf: {Q.batch-size=500}

           Test Name	  Num	     Iterations	          Time ns	       Throughput	  GC	GC ms	  USR ms	  SYS ms	JIT ms
           Q_WC_X_08	    1	      1,000,000	    1,080,080,000	          925,857	  13	   24	   7,327	     813	 2,556

           Q_WC_X_08	    2	      1,000,000	      665,374,000	        1,502,914	  13	   29	   4,181	     606	   425

           Q_WC_X_08	    3	      1,000,000	      641,576,000	        1,558,662	  13	   23	   3,908	     635	     1

           Q_WC_X_08	    4	      1,000,000	      693,815,000	        1,441,306	  13	   23	   4,568	     568	   394

           Q_WC_X_08	    5	      1,000,000	      640,157,000	        1,562,117	  14	   25	   4,209	     509	    66

           Q_WC_X_08	    6	      1,000,000	      645,915,000	        1,548,191	  16	   30	   4,055	     594	     8

           Q_WC_X_08	    7	      1,000,000	      638,271,000	        1,566,733	  16	   29	   4,150	     650	    11

           Q_WC_X_08	    8	      1,000,000	      660,877,000	        1,513,141	  16	   30	   4,170	     780	     0

           Q_WC_X_08	    9	      1,000,000	      657,111,000	        1,521,813	  16	   29	   4,182	     682	     0

           Q_WC_X_08	   10	      1,000,000	      657,455,000	        1,521,017	  16	   28	   4,143	     609	     1

