COMMAND LINE: [-XX:+UseConcMarkSweepGC, -Xmx8G]
Conf: {}

           Test Name	  Num	     Iterations	          Time ns	       Throughput	  GC	GC ms	  USR ms	  SYS ms	JIT ms
             Q_WC_04	    1	      1,000,000	   12,594,124,000	           79,402	  14	    8	  13,072	  24,830	   459

             Q_WC_04	    2	      1,000,000	   12,236,994,000	           81,719	  14	    7	  12,324	  24,194	   196

             Q_WC_04	    3	      1,000,000	   12,246,001,000	           81,659	  14	    8	  12,347	  24,261	    15

             Q_WC_04	    4	      1,000,000	   12,208,122,000	           81,913	  14	    8	  12,365	  24,183	    23

             Q_WC_04	    5	      1,000,000	   12,185,850,000	           82,062	  14	    7	  12,357	  24,179	     0

             Q_WC_04	    6	      1,000,000	   12,601,028,000	           79,359	  14	    7	  12,709	  25,007	     0

             Q_WC_04	    7	      1,000,000	   12,857,974,000	           77,773	  14	    8	  12,886	  25,465	     0

             Q_WC_04	    8	      1,000,000	   12,587,188,000	           79,446	  14	    7	  12,726	  24,969	     0

             Q_WC_04	    9	      1,000,000	   12,454,469,000	           80,292	  14	    8	  12,643	  24,627	     0

             Q_WC_04	   10	      1,000,000	   12,402,257,000	           80,630	  14	    7	  12,607	  24,519	     0

COMMAND LINE: [-XX:+UseConcMarkSweepGC, -Xmx8G]
Conf: {Q.type=disruptor-latest}

           Test Name	  Num	     Iterations	          Time ns	       Throughput	  GC	GC ms	  USR ms	  SYS ms	JIT ms
             Q_WC_04	    1	      1,000,000	   11,966,515,000	           83,567	  14	    9	  12,808	  23,814	   608

             Q_WC_04	    2	      1,000,000	   11,449,666,000	           87,339	  14	    7	  11,892	  22,962	   206

             Q_WC_04	    3	      1,000,000	   11,630,450,000	           85,981	  14	    8	  11,881	  23,171	   112

             Q_WC_04	    4	      1,000,000	   11,692,306,000	           85,526	  14	    8	  11,917	  23,347	     0

             Q_WC_04	    5	      1,000,000	   11,710,394,000	           85,394	  14	    8	  11,994	  23,312	     0

             Q_WC_04	    6	      1,000,000	   11,853,800,000	           84,361	  14	    8	  12,080	  23,572	     0

             Q_WC_04	    7	      1,000,000	   11,695,891,000	           85,500	  14	    8	  11,986	  23,342	     0

             Q_WC_04	    8	      1,000,000	   11,784,097,000	           84,860	  14	    8	  12,053	  23,458	     0

             Q_WC_04	    9	      1,000,000	   11,787,434,000	           84,836	  14	    7	  12,072	  23,482	     0

             Q_WC_04	   10	      1,000,000	   11,980,990,000	           83,466	  14	    8	  12,247	  23,775	     0

COMMAND LINE: [-XX:+UseConcMarkSweepGC, -Xmx8G]
Conf: {Q.type=disruptor-latest, Q.disruptor.timeout=0}

           Test Name	  Num	     Iterations	          Time ns	       Throughput	  GC	GC ms	  USR ms	  SYS ms	JIT ms
             Q_WC_04	    1	      1,000,000	   10,048,217,000	           99,520	  14	    8	  10,994	  19,596	   482

             Q_WC_04	    2	      1,000,000	    9,454,726,000	          105,767	  14	    8	  10,113	  18,573	   261

             Q_WC_04	    3	      1,000,000	   10,029,367,000	           99,707	  14	    8	  10,360	  19,583	    24

             Q_WC_04	    4	      1,000,000	    9,961,699,000	          100,384	  14	    7	  10,244	  19,479	     0

             Q_WC_04	    5	      1,000,000	    9,744,909,000	          102,618	  14	    9	  10,125	  19,011	     0

             Q_WC_04	    6	      1,000,000	    9,912,952,000	          100,878	  14	    8	  10,195	  19,435	     0

             Q_WC_04	    7	      1,000,000	    9,957,761,000	          100,424	  14	    8	  10,220	  19,533	     0

             Q_WC_04	    8	      1,000,000	    9,633,793,000	          103,801	  14	    7	  10,005	  18,984	     0

             Q_WC_04	    9	      1,000,000	    9,604,688,000	          104,116	  14	    8	  10,025	  18,942	     0

             Q_WC_04	   10	      1,000,000	    9,457,353,000	          105,738	  14	    8	   9,974	  18,936	     0

COMMAND LINE: [-XX:+UseConcMarkSweepGC, -Xmx8G]
Conf: {Q.type=disruptor-latest, Q.disruptor.lite-blocking=true, Q.disruptor.timeout=0}

           Test Name	  Num	     Iterations	          Time ns	       Throughput	  GC	GC ms	  USR ms	  SYS ms	JIT ms
             Q_WC_04	    1	      1,000,000	    8,562,678,000	          116,786	  14	    8	   9,881	  16,833	   524

             Q_WC_04	    2	      1,000,000	    8,610,059,000	          116,143	  14	    7	   9,555	  17,136	   245

             Q_WC_04	    3	      1,000,000	    8,555,238,000	          116,887	  14	    8	   9,239	  17,070	     0

             Q_WC_04	    4	      1,000,000	    8,354,163,000	          119,701	  14	    8	   9,103	  16,730	     0

             Q_WC_04	    5	      1,000,000	    8,414,515,000	          118,842	  14	    8	   9,108	  16,825	     0

             Q_WC_04	    6	      1,000,000	    8,238,507,000	          121,381	  14	    8	   8,933	  16,483	     0

             Q_WC_04	    7	      1,000,000	    8,127,396,000	          123,041	  14	    7	   8,885	  16,386	     0

             Q_WC_04	    8	      1,000,000	    8,029,291,000	          124,544	  14	    8	   8,788	  16,149	     0

             Q_WC_04	    9	      1,000,000	    7,603,595,000	          131,517	  14	    8	   8,441	  15,297	     0

             Q_WC_04	   10	      1,000,000	    8,239,328,000	          121,369	  14	    8	   8,968	  16,537	     0

COMMAND LINE: [-XX:+UseConcMarkSweepGC, -Xmx8G]
Conf: {Q.type=disruptor-latest, Q.disruptor.lite-blocking=true, Q.batch-size=100, Q.disruptor.timeout=0}

           Test Name	  Num	     Iterations	          Time ns	       Throughput	  GC	GC ms	  USR ms	  SYS ms	JIT ms
             Q_WC_04	    1	      1,000,000	    1,305,360,000	          766,072	  13	    9	   2,539	     609	   496

             Q_WC_04	    2	      1,000,000	    1,216,427,000	          822,080	  13	    7	   2,158	     543	   165

             Q_WC_04	    3	      1,000,000	    1,182,866,000	          845,404	  13	    7	   1,965	     542	    27

             Q_WC_04	    4	      1,000,000	    1,156,804,000	          864,451	  13	    7	   1,935	     530	    35

             Q_WC_04	    5	      1,000,000	    1,151,288,000	          868,592	  13	    7	   1,913	     527	    21

             Q_WC_04	    6	      1,000,000	    1,152,062,000	          868,009	  13	    8	   1,900	     522	     0

             Q_WC_04	    7	      1,000,000	    1,135,483,000	          880,682	  13	    7	   1,869	     517	     2

             Q_WC_04	    8	      1,000,000	    1,158,453,000	          863,220	  13	    7	   1,927	     571	     0

             Q_WC_04	    9	      1,000,000	    1,147,484,000	          871,472	  13	    7	   1,881	     520	     0

             Q_WC_04	   10	      1,000,000	    1,155,087,000	          865,736	  13	    8	   1,880	     521	     0

COMMAND LINE: [-XX:+UseConcMarkSweepGC, -Xmx8G]
Conf: {Q.type=disruptor-latest, Q.disruptor.lite-blocking=true, Q.batch-size=250, Q.disruptor.timeout=0}

           Test Name	  Num	     Iterations	          Time ns	       Throughput	  GC	GC ms	  USR ms	  SYS ms	JIT ms
             Q_WC_04	    1	      1,000,000	    1,143,226,000	          874,718	  13	    8	   2,282	     340	   419

             Q_WC_04	    2	      1,000,000	    1,065,974,000	          938,109	  13	    8	   2,015	     287	   204

             Q_WC_04	    3	      1,000,000	    1,021,973,000	          978,499	  13	    7	   1,769	     271	    30

             Q_WC_04	    4	      1,000,000	    1,012,661,000	          987,497	  13	    8	   1,731	     266	     0

             Q_WC_04	    5	      1,000,000	    1,018,910,000	          981,441	  13	    7	   1,734	     268	     0

             Q_WC_04	    6	      1,000,000	    1,024,443,000	          976,140	  13	    7	   1,746	     268	     0

             Q_WC_04	    7	      1,000,000	    1,018,592,000	          981,747	  13	    8	   1,745	     267	     0

             Q_WC_04	    8	      1,000,000	    1,024,007,000	          976,556	  13	    8	   1,750	     270	     2

             Q_WC_04	    9	      1,000,000	    1,007,177,000	          992,874	  13	    7	   1,695	     264	     0

             Q_WC_04	   10	      1,000,000	    1,019,140,000	          981,219	  13	    8	   1,742	     263	     0

COMMAND LINE: [-XX:+UseConcMarkSweepGC, -Xmx8G]
Conf: {Q.type=disruptor-latest, Q.disruptor.lite-blocking=true, Q.batch-size=500, Q.disruptor.timeout=0}

           Test Name	  Num	     Iterations	          Time ns	       Throughput	  GC	GC ms	  USR ms	  SYS ms	JIT ms
             Q_WC_04	    1	      1,000,000	    1,125,334,000	          888,625	  13	    9	   2,287	     251	   445

             Q_WC_04	    2	      1,000,000	    1,036,397,000	          964,881	  13	    9	   1,935	     192	   153

             Q_WC_04	    3	      1,000,000	    1,031,974,000	          969,017	  13	    8	   1,800	     197	    48

             Q_WC_04	    4	      1,000,000	    1,002,857,000	          997,151	  13	    8	   1,721	     191	    17

             Q_WC_04	    5	      1,000,000	      992,937,000	        1,007,113	  13	    9	   1,685	     186	     5

             Q_WC_04	    6	      1,000,000	      991,790,000	        1,008,278	  13	    8	   1,691	     186	     0

             Q_WC_04	    7	      1,000,000	      998,291,000	        1,001,712	  13	    8	   1,707	     187	     0

             Q_WC_04	    8	      1,000,000	    1,000,164,000	          999,836	  13	    8	   1,714	     189	     2

             Q_WC_04	    9	      1,000,000	      993,417,000	        1,006,627	  13	    9	   1,689	     183	     0

             Q_WC_04	   10	      1,000,000	      986,193,000	        1,014,000	  13	    8	   1,668	     183	     0

COMMAND LINE: [-XX:+UseConcMarkSweepGC, -Xmx8G]
Conf: {Q.batch-size=100}

           Test Name	  Num	     Iterations	          Time ns	       Throughput	  GC	GC ms	  USR ms	  SYS ms	JIT ms
             Q_WC_04	    1	      1,000,000	    1,469,682,000	          680,419	  13	    8	   2,846	     717	   596

             Q_WC_04	    2	      1,000,000	    1,340,169,000	          746,175	  13	    7	   2,535	     636	   415

             Q_WC_04	    3	      1,000,000	    1,276,598,000	          783,332	  13	    8	   2,046	     632	     9

             Q_WC_04	    4	      1,000,000	    1,360,223,000	          735,174	  13	    8	   2,172	     671	    23

             Q_WC_04	    5	      1,000,000	    1,272,083,000	          786,112	  13	    7	   2,020	     611	     0

             Q_WC_04	    6	      1,000,000	    1,284,735,000	          778,371	  13	    7	   2,051	     621	     3

             Q_WC_04	    7	      1,000,000	    1,273,543,000	          785,211	  13	    8	   2,011	     613	     2

             Q_WC_04	    8	      1,000,000	    1,264,100,000	          791,077	  13	    7	   2,010	     604	     0

             Q_WC_04	    9	      1,000,000	    1,261,304,000	          792,830	  13	    7	   2,004	     603	     0

             Q_WC_04	   10	      1,000,000	    1,279,774,000	          781,388	  13	    7	   2,023	     613	     0

COMMAND LINE: [-XX:+UseConcMarkSweepGC, -Xmx8G]
Conf: {Q.batch-size=250}

           Test Name	  Num	     Iterations	          Time ns	       Throughput	  GC	GC ms	  USR ms	  SYS ms	JIT ms
             Q_WC_04	    1	      1,000,000	    1,240,859,000	          805,893	  13	    8	   2,458	     383	   477

             Q_WC_04	    2	      1,000,000	    1,127,175,000	          887,174	  13	    8	   2,116	     319	   287

             Q_WC_04	    3	      1,000,000	    1,070,820,000	          933,864	  13	    7	   1,831	     305	    39

             Q_WC_04	    4	      1,000,000	    1,059,668,000	          943,692	  13	    7	   1,790	     300	    37

             Q_WC_04	    5	      1,000,000	    1,069,383,000	          935,119	  13	    8	   1,793	     301	     0

             Q_WC_04	    6	      1,000,000	    1,068,984,000	          935,468	  13	    7	   1,790	     306	     0

             Q_WC_04	    7	      1,000,000	    1,073,285,000	          931,719	  13	    8	   1,786	     301	     1

             Q_WC_04	    8	      1,000,000	    1,066,117,000	          937,983	  13	    7	   1,767	     300	     2

             Q_WC_04	    9	      1,000,000	    1,068,867,000	          935,570	  13	    7	   1,772	     296	     0

             Q_WC_04	   10	      1,000,000	    1,062,009,000	          941,612	  13	    8	   1,768	     295	     0

COMMAND LINE: [-XX:+UseConcMarkSweepGC, -Xmx8G]
Conf: {Q.batch-size=500}

           Test Name	  Num	     Iterations	          Time ns	       Throughput	  GC	GC ms	  USR ms	  SYS ms	JIT ms
             Q_WC_04	    1	      1,000,000	    1,236,916,000	          808,462	  13	    8	   2,362	     284	   445

             Q_WC_04	    2	      1,000,000	    1,120,931,000	          892,116	  13	    8	   1,983	     217	   156

             Q_WC_04	    3	      1,000,000	    1,102,461,000	          907,062	  13	    8	   1,808	     214	    10

             Q_WC_04	    4	      1,000,000	    1,095,335,000	          912,963	  13	    8	   1,809	     212	    24

             Q_WC_04	    5	      1,000,000	    1,092,425,000	          915,395	  13	    9	   1,806	     210	    32

             Q_WC_04	    6	      1,000,000	    1,098,472,000	          910,355	  13	    7	   1,781	     211	     0

             Q_WC_04	    7	      1,000,000	    1,097,619,000	          911,063	  13	    8	   1,785	     211	     2

             Q_WC_04	    8	      1,000,000	    1,091,040,000	          916,557	  13	    9	   1,768	     209	     3

             Q_WC_04	    9	      1,000,000	    1,095,322,000	          912,974	  13	    7	   1,758	     208	    25

             Q_WC_04	   10	      1,000,000	    1,097,878,000	          910,848	  13	    9	   1,773	     208	     0

