COMMAND LINE: [-XX:+UseConcMarkSweepGC, -Xmx8G]
Conf: {}

           Test Name	  Num	     Iterations	          Time ns	       Throughput	  GC	GC ms	  USR ms	  SYS ms	JIT ms
           Q_WC_X_16	    1	      1,000,000	    3,405,065,000	          293,680	  14	   11	  13,026	  12,544	 3,405

           Q_WC_X_16	    2	      1,000,000	    3,119,697,000	          320,544	  14	   11	  10,002	  13,530	   846

           Q_WC_X_16	    3	      1,000,000	    2,567,232,000	          389,525	  13	    9	   8,828	  10,734	     3

           Q_WC_X_16	    4	      1,000,000	    3,514,502,000	          284,535	  14	   12	  11,165	  15,093	     0

           Q_WC_X_16	    5	      1,000,000	    3,352,838,000	          298,255	  14	   11	  10,757	  14,605	     0

           Q_WC_X_16	    6	      1,000,000	    3,270,446,000	          305,769	  14	   12	  10,581	  14,005	     0

           Q_WC_X_16	    7	      1,000,000	    3,134,801,000	          319,000	  13	   12	  10,296	  12,976	    15

           Q_WC_X_16	    8	      1,000,000	    3,343,473,000	          299,090	  14	   11	  10,713	  14,672	    31

           Q_WC_X_16	    9	      1,000,000	    3,400,212,000	          294,099	  14	   12	  10,914	  14,255	    16

           Q_WC_X_16	   10	      1,000,000	    3,314,989,000	          301,660	  14	   13	  10,786	  14,193	     0

COMMAND LINE: [-XX:+UseConcMarkSweepGC, -Xmx8G]
Conf: {Q.type=disruptor-latest}

           Test Name	  Num	     Iterations	          Time ns	       Throughput	  GC	GC ms	  USR ms	  SYS ms	JIT ms
           Q_WC_X_16	    1	      1,000,000	    3,735,242,000	          267,720	  14	   13	  13,029	  14,796	 3,528

           Q_WC_X_16	    2	      1,000,000	    3,568,370,000	          280,240	  14	   11	  11,445	  15,887	   953

           Q_WC_X_16	    3	      1,000,000	    3,319,937,000	          301,211	  14	   12	  10,413	  14,452	     0

           Q_WC_X_16	    4	      1,000,000	    3,450,550,000	          289,809	  14	   12	  10,839	  15,361	    13

           Q_WC_X_16	    5	      1,000,000	    3,360,596,000	          297,566	  14	   11	  10,544	  15,069	     0

           Q_WC_X_16	    6	      1,000,000	    3,109,241,000	          321,622	  14	   12	   9,953	  13,608	     1

           Q_WC_X_16	    7	      1,000,000	    3,458,950,000	          289,105	  14	   13	  10,698	  15,185	    15

           Q_WC_X_16	    8	      1,000,000	    3,594,268,000	          278,221	  14	   12	  11,108	  16,072	    37

           Q_WC_X_16	    9	      1,000,000	    3,553,792,000	          281,390	  14	   12	  10,965	  16,169	    16

           Q_WC_X_16	   10	      1,000,000	    3,090,290,000	          323,594	  13	   11	   9,946	  13,729	     0

COMMAND LINE: [-XX:+UseConcMarkSweepGC, -Xmx8G]
Conf: {Q.type=disruptor-latest, Q.disruptor.timeout=0}

           Test Name	  Num	     Iterations	          Time ns	       Throughput	  GC	GC ms	  USR ms	  SYS ms	JIT ms
           Q_WC_X_16	    1	      1,000,000	    3,543,959,000	          282,170	  14	   14	  12,713	  13,587	 4,252

           Q_WC_X_16	    2	      1,000,000	    2,976,416,000	          335,975	  14	   13	  10,202	  12,646	   664

           Q_WC_X_16	    3	      1,000,000	    2,931,700,000	          341,099	  14	   13	   9,389	  13,087	     0

           Q_WC_X_16	    4	      1,000,000	    2,835,625,000	          352,656	  14	   12	   9,014	  12,535	    14

           Q_WC_X_16	    5	      1,000,000	    2,747,807,000	          363,927	  13	   11	   8,960	  12,212	     1

           Q_WC_X_16	    6	      1,000,000	    2,926,478,000	          341,708	  14	   13	   9,342	  13,252	    14

           Q_WC_X_16	    7	      1,000,000	    2,549,486,000	          392,236	  13	   11	   8,445	  10,817	    18

           Q_WC_X_16	    8	      1,000,000	    2,778,905,000	          359,854	  13	   11	   8,951	  12,387	    47

           Q_WC_X_16	    9	      1,000,000	    2,922,378,000	          342,187	  14	   12	   9,370	  13,104	     3

           Q_WC_X_16	   10	      1,000,000	    2,872,800,000	          348,092	  14	   12	   9,192	  12,572	     0

COMMAND LINE: [-XX:+UseConcMarkSweepGC, -Xmx8G]
Conf: {Q.type=disruptor-latest, Q.disruptor.lite-blocking=true, Q.disruptor.timeout=0}

           Test Name	  Num	     Iterations	          Time ns	       Throughput	  GC	GC ms	  USR ms	  SYS ms	JIT ms
           Q_WC_X_16	    1	      1,000,000	    1,901,146,000	          525,999	  14	   14	   9,252	   5,557	 3,429

           Q_WC_X_16	    2	      1,000,000	    1,409,428,000	          709,508	  13	   13	   6,070	   4,635	   380

           Q_WC_X_16	    3	      1,000,000	    1,388,123,000	          720,397	  13	   13	   5,983	   4,390	     0

           Q_WC_X_16	    4	      1,000,000	    1,403,673,000	          712,417	  13	   14	   6,115	   4,556	     0

           Q_WC_X_16	    5	      1,000,000	    1,258,783,000	          794,418	  13	   13	   5,889	   3,884	     0

           Q_WC_X_16	    6	      1,000,000	    1,341,306,000	          745,542	  13	   14	   5,866	   4,169	     0

           Q_WC_X_16	    7	      1,000,000	    1,308,457,000	          764,259	  13	   14	   5,828	   4,197	    73

           Q_WC_X_16	    8	      1,000,000	    1,375,800,000	          726,850	  13	   12	   5,802	   4,549	    72

           Q_WC_X_16	    9	      1,000,000	    1,450,624,000	          689,359	  13	   13	   5,943	   4,914	    34

           Q_WC_X_16	   10	      1,000,000	    1,338,808,000	          746,933	  13	   14	   5,633	   4,096	     0

COMMAND LINE: [-XX:+UseConcMarkSweepGC, -Xmx8G]
Conf: {Q.type=disruptor-latest, Q.disruptor.lite-blocking=true, Q.batch-size=100, Q.disruptor.timeout=0}

           Test Name	  Num	     Iterations	          Time ns	       Throughput	  GC	GC ms	  USR ms	  SYS ms	JIT ms
           Q_WC_X_16	    1	      1,000,000	    1,232,103,000	          811,620	  14	   20	   8,351	   1,035	 3,594

           Q_WC_X_16	    2	      1,000,000	      718,551,000	        1,391,690	  13	   20	   4,433	     929	   623

           Q_WC_X_16	    3	      1,000,000	      848,091,000	        1,179,119	  16	   27	   5,543	     884	   348

           Q_WC_X_16	    4	      1,000,000	      887,362,000	        1,126,936	  16	   26	   4,759	   1,570	    28

           Q_WC_X_16	    5	      1,000,000	      842,083,000	        1,187,531	  16	   28	   4,930	   1,493	    39

           Q_WC_X_16	    6	      1,000,000	      893,160,000	        1,119,620	  16	   29	   5,037	   1,762	    64

           Q_WC_X_16	    7	      1,000,000	      959,804,000	        1,041,879	  16	   27	   5,144	   2,187	    26

           Q_WC_X_16	    8	      1,000,000	      891,866,000	        1,121,245	  16	   26	   4,996	   1,744	    27

           Q_WC_X_16	    9	      1,000,000	      860,452,000	        1,162,180	  16	   26	   4,906	   1,681	    22

           Q_WC_X_16	   10	      1,000,000	      888,538,000	        1,125,444	  16	   22	   4,880	   1,925	     2

COMMAND LINE: [-XX:+UseConcMarkSweepGC, -Xmx8G]
Conf: {Q.type=disruptor-latest, Q.disruptor.lite-blocking=true, Q.batch-size=250, Q.disruptor.timeout=0}

           Test Name	  Num	     Iterations	          Time ns	       Throughput	  GC	GC ms	  USR ms	  SYS ms	JIT ms
           Q_WC_X_16	    1	      1,000,000	    1,455,130,000	          687,224	  14	   26	   9,876	   1,213	 4,043

           Q_WC_X_16	    2	      1,000,000	    1,039,077,000	          962,393	  13	   27	   6,856	   1,196	 3,060

           Q_WC_X_16	    3	      1,000,000	      888,671,000	        1,125,276	  16	   30	   5,980	     856	   403

           Q_WC_X_16	    4	      1,000,000	      837,211,000	        1,194,442	  16	   28	   4,883	   1,478	    57

           Q_WC_X_16	    5	      1,000,000	      863,673,000	        1,157,846	  16	   30	   4,905	   1,671	     4

           Q_WC_X_16	    6	      1,000,000	      854,029,000	        1,170,920	  16	   33	   4,926	   1,641	     5

           Q_WC_X_16	    7	      1,000,000	      892,025,000	        1,121,045	  16	   34	   5,044	   1,827	    24

           Q_WC_X_16	    8	      1,000,000	      816,839,000	        1,224,231	  16	   29	   4,808	   1,436	    21

           Q_WC_X_16	    9	      1,000,000	      909,292,000	        1,099,757	  16	   36	   5,024	   1,866	    20

           Q_WC_X_16	   10	      1,000,000	      889,071,000	        1,124,770	  16	   33	   4,831	   1,590	     1

COMMAND LINE: [-XX:+UseConcMarkSweepGC, -Xmx8G]
Conf: {Q.type=disruptor-latest, Q.disruptor.lite-blocking=true, Q.batch-size=500, Q.disruptor.timeout=0}

           Test Name	  Num	     Iterations	          Time ns	       Throughput	  GC	GC ms	  USR ms	  SYS ms	JIT ms
           Q_WC_X_16	    1	      1,000,000	    1,181,363,000	          846,480	  14	   34	   8,196	     925	 2,815

           Q_WC_X_16	    2	      1,000,000	      794,274,000	        1,259,011	  13	   37	   5,001	   1,013	 1,153

           Q_WC_X_16	    3	      1,000,000	      907,576,000	        1,101,836	  16	   39	   5,794	   1,221	   383

           Q_WC_X_16	    4	      1,000,000	      810,213,000	        1,234,243	  16	   36	   4,912	   1,297	     4

           Q_WC_X_16	    5	      1,000,000	      918,868,000	        1,088,296	  16	   41	   5,270	   1,791	   139

           Q_WC_X_16	    6	      1,000,000	      894,349,000	        1,118,132	  16	   37	   5,135	   1,744	     7

           Q_WC_X_16	    7	      1,000,000	      962,085,000	        1,039,409	  16	   39	   5,320	   2,087	    25

           Q_WC_X_16	    8	      1,000,000	      949,816,000	        1,052,835	  16	   41	   5,326	   1,965	    24

           Q_WC_X_16	    9	      1,000,000	      958,624,000	        1,043,162	  16	   41	   5,323	   2,031	    21

           Q_WC_X_16	   10	      1,000,000	    1,036,104,000	          965,154	  16	   44	   5,438	   2,403	     2

COMMAND LINE: [-XX:+UseConcMarkSweepGC, -Xmx8G]
Conf: {Q.batch-size=100}

           Test Name	  Num	     Iterations	          Time ns	       Throughput	  GC	GC ms	  USR ms	  SYS ms	JIT ms
