COMMAND LINE: [-XX:+UseConcMarkSweepGC, -Xmx8G]
Conf: {}

           Test Name	  Num	     Iterations	          Time ns	       Throughput	  GC	GC ms	  USR ms	  SYS ms	JIT ms
           Q_WC_X_04	    1	      1,000,000	    2,829,683,000	          353,396	  13	    7	   7,517	   7,758	   505

           Q_WC_X_04	    2	      1,000,000	    2,893,945,000	          345,549	  13	    7	   7,658	   7,821	   400

           Q_WC_X_04	    3	      1,000,000	    2,920,544,000	          342,402	  13	    7	   7,060	   8,339	     0

           Q_WC_X_04	    4	      1,000,000	    2,858,331,000	          349,855	  13	    7	   6,941	   7,899	    29

           Q_WC_X_04	    5	      1,000,000	    2,927,074,000	          341,638	  13	    7	   7,057	   7,983	     0

           Q_WC_X_04	    6	      1,000,000	    2,834,364,000	          352,813	  13	    7	   6,855	   7,935	     0

           Q_WC_X_04	    7	      1,000,000	    2,985,475,000	          334,955	  13	    8	   7,212	   8,289	     0

           Q_WC_X_04	    8	      1,000,000	    2,902,306,000	          344,554	  13	    7	   7,067	   8,247	     0

           Q_WC_X_04	    9	      1,000,000	    2,822,654,000	          354,277	  13	    7	   6,997	   7,999	     1

           Q_WC_X_04	   10	      1,000,000	    2,830,904,000	          353,244	  13	    7	   7,019	   7,999	     1

COMMAND LINE: [-XX:+UseConcMarkSweepGC, -Xmx8G]
Conf: {Q.type=disruptor-latest}

           Test Name	  Num	     Iterations	          Time ns	       Throughput	  GC	GC ms	  USR ms	  SYS ms	JIT ms
           Q_WC_X_04	    1	      1,000,000	    2,738,674,000	          365,140	  13	    7	   6,950	   7,384	   559

           Q_WC_X_04	    2	      1,000,000	    2,697,209,000	          370,754	  13	    7	   6,933	   7,299	   308

           Q_WC_X_04	    3	      1,000,000	    2,833,592,000	          352,909	  13	    8	   6,671	   7,798	    31

           Q_WC_X_04	    4	      1,000,000	    2,842,591,000	          351,792	  13	    7	   6,565	   7,552	    32

           Q_WC_X_04	    5	      1,000,000	    2,813,428,000	          355,438	  13	    8	   6,693	   7,798	     0

           Q_WC_X_04	    6	      1,000,000	    2,938,052,000	          340,362	  13	    7	   6,928	   8,015	     1

           Q_WC_X_04	    7	      1,000,000	    2,883,282,000	          346,827	  13	    7	   6,870	   7,881	    28

           Q_WC_X_04	    8	      1,000,000	    2,879,854,000	          347,240	  13	    8	   6,906	   7,806	     0

           Q_WC_X_04	    9	      1,000,000	    2,925,441,000	          341,829	  13	    7	   6,930	   7,790	     0

           Q_WC_X_04	   10	      1,000,000	    2,930,867,000	          341,196	  13	    7	   6,980	   8,048	     0

COMMAND LINE: [-XX:+UseConcMarkSweepGC, -Xmx8G]
Conf: {Q.type=disruptor-latest, Q.disruptor.timeout=0}

           Test Name	  Num	     Iterations	          Time ns	       Throughput	  GC	GC ms	  USR ms	  SYS ms	JIT ms
           Q_WC_X_04	    1	      1,000,000	    2,494,262,000	          400,920	  13	    8	   6,849	   6,370	   456

           Q_WC_X_04	    2	      1,000,000	    2,350,436,000	          425,453	  13	    8	   6,571	   6,068	   534

           Q_WC_X_04	    3	      1,000,000	    2,117,138,000	          472,336	  13	    7	   5,840	   5,432	    77

           Q_WC_X_04	    4	      1,000,000	    2,121,679,000	          471,325	  13	    7	   5,759	   5,428	    41

           Q_WC_X_04	    5	      1,000,000	    2,187,517,000	          457,139	  13	    8	   5,882	   5,682	     0

           Q_WC_X_04	    6	      1,000,000	    2,146,714,000	          465,828	  13	    7	   5,787	   5,650	     0

           Q_WC_X_04	    7	      1,000,000	    2,162,315,000	          462,467	  13	    7	   5,815	   5,666	     0

           Q_WC_X_04	    8	      1,000,000	    2,117,525,000	          472,249	  13	    8	   5,648	   5,383	     0

           Q_WC_X_04	    9	      1,000,000	    2,238,199,000	          446,788	  13	    7	   5,895	   5,880	     0

           Q_WC_X_04	   10	      1,000,000	    2,238,918,000	          446,644	  13	    8	   6,073	   5,764	     0

COMMAND LINE: [-XX:+UseConcMarkSweepGC, -Xmx8G]
Conf: {Q.type=disruptor-latest, Q.disruptor.lite-blocking=true, Q.disruptor.timeout=0}

           Test Name	  Num	     Iterations	          Time ns	       Throughput	  GC	GC ms	  USR ms	  SYS ms	JIT ms
           Q_WC_X_04	    1	      1,000,000	      972,801,000	        1,027,959	  13	    8	   4,712	   1,113	   847

           Q_WC_X_04	    2	      1,000,000	      783,158,000	        1,276,882	  13	    8	   4,236	   1,233	   252

           Q_WC_X_04	    3	      1,000,000	      797,275,000	        1,254,272	  13	    8	   4,211	   1,392	    27

           Q_WC_X_04	    4	      1,000,000	      776,033,000	        1,288,605	  13	    8	   4,083	   1,338	     0

           Q_WC_X_04	    5	      1,000,000	      791,385,000	        1,263,607	  13	    7	   4,107	   1,373	     0

           Q_WC_X_04	    6	      1,000,000	      783,756,000	        1,275,907	  13	    8	   4,164	   1,316	     0

           Q_WC_X_04	    7	      1,000,000	      766,446,000	        1,304,723	  13	    8	   3,948	   1,041	     0

           Q_WC_X_04	    8	      1,000,000	      776,620,000	        1,287,631	  13	    8	   4,144	   1,324	    28

           Q_WC_X_04	    9	      1,000,000	      775,024,000	        1,290,283	  13	    8	   4,078	   1,289	     0

           Q_WC_X_04	   10	      1,000,000	      745,887,000	        1,340,686	  13	    8	   3,976	   1,227	     0

COMMAND LINE: [-XX:+UseConcMarkSweepGC, -Xmx8G]
Conf: {Q.type=disruptor-latest, Q.disruptor.lite-blocking=true, Q.batch-size=100, Q.disruptor.timeout=0}

           Test Name	  Num	     Iterations	          Time ns	       Throughput	  GC	GC ms	  USR ms	  SYS ms	JIT ms
           Q_WC_X_04	    1	      1,000,000	      695,674,000	        1,437,455	  13	    8	   4,090	     532	   910

           Q_WC_X_04	    2	      1,000,000	      491,841,000	        2,033,177	  13	    8	   2,868	     271	   143

           Q_WC_X_04	    3	      1,000,000	      465,993,000	        2,145,955	  13	   10	   2,819	     267	    19

           Q_WC_X_04	    4	      1,000,000	      525,203,000	        1,904,026	  13	   11	   3,025	     243	     7

           Q_WC_X_04	    5	      1,000,000	      677,158,000	        1,476,760	  13	   11	   3,077	     521	     0

           Q_WC_X_04	    6	      1,000,000	      510,199,000	        1,960,020	  13	   10	   3,100	     297	     0

           Q_WC_X_04	    7	      1,000,000	      511,385,000	        1,955,474	  13	   10	   3,106	     299	     0

           Q_WC_X_04	    8	      1,000,000	      512,658,000	        1,950,618	  13	   10	   3,108	     298	     0

           Q_WC_X_04	    9	      1,000,000	      512,041,000	        1,952,969	  13	   10	   3,130	     290	     0

           Q_WC_X_04	   10	      1,000,000	      550,513,000	        1,816,488	  15	   11	   3,287	     335	    44

COMMAND LINE: [-XX:+UseConcMarkSweepGC, -Xmx8G]
Conf: {Q.type=disruptor-latest, Q.disruptor.lite-blocking=true, Q.batch-size=250, Q.disruptor.timeout=0}

           Test Name	  Num	     Iterations	          Time ns	       Throughput	  GC	GC ms	  USR ms	  SYS ms	JIT ms
           Q_WC_X_04	    1	      1,000,000	      705,434,000	        1,417,567	  13	   12	   3,792	     335	   851

           Q_WC_X_04	    2	      1,000,000	      464,418,000	        2,153,233	  13	    9	   2,943	     168	   320

           Q_WC_X_04	    3	      1,000,000	      475,774,000	        2,101,838	  13	   11	   2,619	     184	    38

           Q_WC_X_04	    4	      1,000,000	      428,797,000	        2,332,106	  13	   10	   2,635	     160	     6

           Q_WC_X_04	    5	      1,000,000	      495,318,000	        2,018,905	  13	   11	   2,595	     263	     0

           Q_WC_X_04	    6	      1,000,000	      441,735,000	        2,263,801	  13	   10	   2,740	     159	     0

           Q_WC_X_04	    7	      1,000,000	      448,884,000	        2,227,747	  13	   11	   2,776	     161	     0

           Q_WC_X_04	    8	      1,000,000	      433,827,000	        2,305,066	  13	   11	   2,711	     155	     0

           Q_WC_X_04	    9	      1,000,000	      463,301,000	        2,158,424	  13	   11	   2,714	     184	     0

           Q_WC_X_04	   10	      1,000,000	      569,393,000	        1,756,256	  15	   14	   3,120	     234	    41

COMMAND LINE: [-XX:+UseConcMarkSweepGC, -Xmx8G]
Conf: {Q.type=disruptor-latest, Q.disruptor.lite-blocking=true, Q.batch-size=500, Q.disruptor.timeout=0}

           Test Name	  Num	     Iterations	          Time ns	       Throughput	  GC	GC ms	  USR ms	  SYS ms	JIT ms
           Q_WC_X_04	    1	      1,000,000	      686,447,000	        1,456,777	  13	   14	   3,687	     371	   679

           Q_WC_X_04	    2	      1,000,000	      533,758,000	        1,873,508	  13	   13	   3,165	     229	   317

           Q_WC_X_04	    3	      1,000,000	      503,679,000	        1,985,391	  13	   13	   2,558	     229	    61

           Q_WC_X_04	    4	      1,000,000	      493,997,000	        2,024,304	  13	   12	   2,499	     234	     0

           Q_WC_X_04	    5	      1,000,000	      468,951,000	        2,132,419	  13	   13	   2,597	     214	     0

           Q_WC_X_04	    6	      1,000,000	      461,379,000	        2,167,416	  13	   11	   2,560	     215	     0

           Q_WC_X_04	    7	      1,000,000	      476,451,000	        2,098,852	  13	   13	   2,561	     219	     0

           Q_WC_X_04	    8	      1,000,000	      460,856,000	        2,169,875	  13	   12	   2,571	     215	     0

           Q_WC_X_04	    9	      1,000,000	      462,038,000	        2,164,324	  13	   12	   2,577	     216	     0

           Q_WC_X_04	   10	      1,000,000	      553,775,000	        1,805,788	  15	   14	   2,775	     254	    54

COMMAND LINE: [-XX:+UseConcMarkSweepGC, -Xmx8G]
Conf: {Q.batch-size=100}

           Test Name	  Num	     Iterations	          Time ns	       Throughput	  GC	GC ms	  USR ms	  SYS ms	JIT ms
           Q_WC_X_04	    1	      1,000,000	      736,192,000	        1,358,341	  13	    9	   3,883	     500	   747

           Q_WC_X_04	    2	      1,000,000	      693,743,000	        1,441,456	  13	    9	   3,729	     463	   612

           Q_WC_X_04	    3	      1,000,000	      540,145,000	        1,851,355	  13	    9	   2,741	     335	   133

           Q_WC_X_04	    4	      1,000,000	      543,119,000	        1,841,217	  13	    9	   3,266	     359	   117

           Q_WC_X_04	    5	      1,000,000	      543,710,000	        1,839,216	  13	    9	   2,992	     306	    40

           Q_WC_X_04	    6	      1,000,000	      517,533,000	        1,932,244	  13	    9	   3,059	     355	     0

           Q_WC_X_04	    7	      1,000,000	      518,197,000	        1,929,768	  13	    9	   3,058	     344	     1

           Q_WC_X_04	    8	      1,000,000	      593,694,000	        1,684,369	  13	    9	   2,841	     396	     0

           Q_WC_X_04	    9	      1,000,000	      509,721,000	        1,961,858	  13	    9	   3,043	     350	     1

           Q_WC_X_04	   10	      1,000,000	      560,997,000	        1,782,541	  15	   11	   3,280	     356	    32

COMMAND LINE: [-XX:+UseConcMarkSweepGC, -Xmx8G]
Conf: {Q.batch-size=250}

           Test Name	  Num	     Iterations	          Time ns	       Throughput	  GC	GC ms	  USR ms	  SYS ms	JIT ms
           Q_WC_X_04	    1	      1,000,000	      643,324,000	        1,554,427	  13	   11	   4,070	     301	   714

           Q_WC_X_04	    2	      1,000,000	      504,344,000	        1,982,774	  13	   10	   3,181	     193	   213

           Q_WC_X_04	    3	      1,000,000	      467,003,000	        2,141,314	  13	   10	   2,913	     181	    68

           Q_WC_X_04	    4	      1,000,000	      469,872,000	        2,128,239	  13	   11	   2,884	     180	    16

           Q_WC_X_04	    5	      1,000,000	      473,584,000	        2,111,558	  13	    9	   2,899	     185	     0

           Q_WC_X_04	    6	      1,000,000	      480,162,000	        2,082,630	  13	   11	   2,917	     188	     0

           Q_WC_X_04	    7	      1,000,000	      476,916,000	        2,096,805	  13	   11	   2,917	     184	     1

           Q_WC_X_04	    8	      1,000,000	      472,507,000	        2,116,371	  13	   10	   2,884	     183	     0

           Q_WC_X_04	    9	      1,000,000	      455,385,000	        2,195,944	  13	   10	   2,798	     179	     1

           Q_WC_X_04	   10	      1,000,000	      504,147,000	        1,983,548	  15	   12	   3,030	     199	    39

COMMAND LINE: [-XX:+UseConcMarkSweepGC, -Xmx8G]
Conf: {Q.batch-size=500}

           Test Name	  Num	     Iterations	          Time ns	       Throughput	  GC	GC ms	  USR ms	  SYS ms	JIT ms
           Q_WC_X_04	    1	      1,000,000	      843,651,000	        1,185,324	  13	   13	   4,472	     375	 1,209

           Q_WC_X_04	    2	      1,000,000	      621,607,000	        1,608,733	  13	   13	   3,067	     297	   279

           Q_WC_X_04	    3	      1,000,000	      525,231,000	        1,903,924	  13	   13	   2,641	     276	    64

           Q_WC_X_04	    4	      1,000,000	      493,497,000	        2,026,355	  13	   14	   2,692	     227	     2

           Q_WC_X_04	    5	      1,000,000	      482,922,000	        2,070,728	  13	   13	   2,661	     227	    12

           Q_WC_X_04	    6	      1,000,000	      495,646,000	        2,017,569	  13	   12	   2,699	     225	    11

           Q_WC_X_04	    7	      1,000,000	      503,923,000	        1,984,430	  13	   14	   2,747	     232	     1

           Q_WC_X_04	    8	      1,000,000	      499,169,000	        2,003,330	  13	   13	   2,741	     238	     0

           Q_WC_X_04	    9	      1,000,000	      506,465,000	        1,974,470	  13	   13	   2,755	     239	    27

           Q_WC_X_04	   10	      1,000,000	      545,560,000	        1,832,979	  15	   16	   2,946	     244	    36

