COMMAND LINE: [-XX:+UseConcMarkSweepGC, -Xmx8G]
Conf: {}

           Test Name	  Num	     Iterations	          Time ns	       Throughput	  GC	GC ms	  USR ms	  SYS ms	JIT ms	    min latency	   latency 50th	   latency 90th	   latency 99th	    max latency
             Q_WC_04	    1	      1,000,000	   12,674,126,000	           78,901	  14	    8	  13,410	  24,936	   624	          1,000	         17,000	         31,000	         55,000	      1,882,000

             Q_WC_04	    2	      1,000,000	   12,290,626,000	           81,363	  14	    8	  12,811	  24,085	   305	          1,000	         16,000	         31,000	         52,000	        853,000

             Q_WC_04	    3	      1,000,000	   12,447,368,000	           80,338	  14	    8	  12,627	  24,608	   152	              0	         16,000	         29,000	         43,000	        783,000

             Q_WC_04	    4	      1,000,000	   12,463,355,000	           80,235	  14	    8	  12,632	  24,580	    52	              0	         16,000	         28,000	         40,000	        703,000

             Q_WC_04	    5	      1,000,000	   12,403,768,000	           80,621	  14	    7	  12,525	  24,636	     0	              0	         16,000	         28,000	         41,000	        716,000

             Q_WC_04	    6	      1,000,000	   12,533,164,000	           79,788	  14	    8	  12,682	  24,839	     0	          1,000	         16,000	         28,000	         40,000	        709,000

             Q_WC_04	    7	      1,000,000	   12,553,370,000	           79,660	  14	    8	  12,693	  24,875	     0	          1,000	         16,000	         29,000	         42,000	        727,000

             Q_WC_04	    8	      1,000,000	   12,447,971,000	           80,334	  14	    8	  12,586	  24,709	     0	              0	         16,000	         28,000	         40,000	        731,000

             Q_WC_04	    9	      1,000,000	   12,609,024,000	           79,308	  14	    8	  12,708	  24,981	    36	          1,000	         16,000	         28,000	         40,000	        703,000

             Q_WC_04	   10	      1,000,000	   12,439,133,000	           80,391	  14	    8	  12,610	  24,612	     0	          1,000	         16,000	         28,000	         41,000	        718,000

COMMAND LINE: [-XX:+UseConcMarkSweepGC, -Xmx8G]
Conf: {Q.type=disruptor-latest}

           Test Name	  Num	     Iterations	          Time ns	       Throughput	  GC	GC ms	  USR ms	  SYS ms	JIT ms	    min latency	   latency 50th	   latency 90th	   latency 99th	    max latency
             Q_WC_04	    1	      1,000,000	   12,127,176,000	           82,459	  14	    8	  12,932	  24,062	   532	          1,000	         16,000	         30,000	         52,000	      1,325,000

             Q_WC_04	    2	      1,000,000	   11,663,648,000	           85,736	  14	    8	  12,250	  23,304	   361	              0	         15,000	         29,000	         46,000	        778,000

             Q_WC_04	    3	      1,000,000	   11,436,300,000	           87,441	  14	    7	  11,864	  22,837	   103	          1,000	         15,000	         28,000	         41,000	        907,000

             Q_WC_04	    4	      1,000,000	   11,568,780,000	           86,440	  14	    8	  12,056	  23,043	    75	              0	         15,000	         28,000	         39,000	        747,000

             Q_WC_04	    5	      1,000,000	   11,542,741,000	           86,635	  14	    7	  11,941	  23,028	     0	              0	         15,000	         28,000	         39,000	        803,000

             Q_WC_04	    6	      1,000,000	   11,457,842,000	           87,276	  14	    8	  11,897	  22,869	     0	          1,000	         15,000	         28,000	         39,000	        799,000

             Q_WC_04	    7	      1,000,000	   11,202,932,000	           89,262	  14	    9	  11,642	  22,528	     0	          1,000	         15,000	         28,000	         39,000	        742,000

             Q_WC_04	    8	      1,000,000	   11,542,494,000	           86,636	  14	    7	  11,953	  23,108	     0	          1,000	         15,000	         28,000	         39,000	        726,000

             Q_WC_04	    9	      1,000,000	   11,713,681,000	           85,370	  14	    8	  12,216	  23,323	    31	              0	         15,000	         29,000	         41,000	        732,000

             Q_WC_04	   10	      1,000,000	   11,725,496,000	           85,284	  14	    8	  12,252	  23,335	     0	          1,000	         16,000	         28,000	         40,000	        718,000

COMMAND LINE: [-XX:+UseConcMarkSweepGC, -Xmx8G]
Conf: {Q.type=disruptor-latest, Q.disruptor.timeout=0}

           Test Name	  Num	     Iterations	          Time ns	       Throughput	  GC	GC ms	  USR ms	  SYS ms	JIT ms	    min latency	   latency 50th	   latency 90th	   latency 99th	    max latency
             Q_WC_04	    1	      1,000,000	    9,756,800,000	          102,493	  14	    9	  11,008	  18,804	   529	              0	         14,000	         23,000	         42,000	      1,086,000

             Q_WC_04	    2	      1,000,000	    9,943,277,000	          100,570	  14	    8	  10,856	  19,145	   352	          1,000	         14,000	         21,000	         34,000	        746,000

             Q_WC_04	    3	      1,000,000	    9,415,815,000	          106,204	  14	    8	  10,213	  18,424	    59	              0	         13,000	         21,000	         31,000	        766,000

             Q_WC_04	    4	      1,000,000	    7,707,607,000	          129,742	  14	    8	   9,074	  15,702	    77	              0	         12,000	         22,000	         36,000	        697,000

             Q_WC_04	    5	      1,000,000	    9,449,266,000	          105,828	  14	    8	  10,220	  18,536	     0	              0	         13,000	         21,000	         31,000	        689,000

             Q_WC_04	    6	      1,000,000	    9,641,426,000	          103,719	  14	    7	  10,399	  18,814	     0	          1,000	         13,000	         21,000	         30,000	        697,000

             Q_WC_04	    7	      1,000,000	    9,652,040,000	          103,605	  14	    8	  10,417	  18,804	     0	          1,000	         14,000	         21,000	         31,000	        708,000

             Q_WC_04	    8	      1,000,000	    9,900,004,000	          101,010	  14	    8	  10,643	  19,207	     0	              0	         14,000	         21,000	         29,000	        723,000

             Q_WC_04	    9	      1,000,000	    9,398,251,000	          106,403	  14	    8	  10,172	  18,476	    34	          1,000	         13,000	         21,000	         31,000	        753,000

             Q_WC_04	   10	      1,000,000	    8,906,135,000	          112,282	  14	    8	   9,848	  17,474	    35	              0	         12,000	         21,000	         32,000	        705,000

COMMAND LINE: [-XX:+UseConcMarkSweepGC, -Xmx8G]
Conf: {Q.type=disruptor-latest, Q.disruptor.lite-blocking=true, Q.disruptor.timeout=0}

           Test Name	  Num	     Iterations	          Time ns	       Throughput	  GC	GC ms	  USR ms	  SYS ms	JIT ms	    min latency	   latency 50th	   latency 90th	   latency 99th	    max latency
             Q_WC_04	    1	      1,000,000	    9,259,529,000	          107,997	  14	    8	  10,635	  17,962	   474	              0	         13,000	         24,000	         52,000	      1,055,000

             Q_WC_04	    2	      1,000,000	    8,684,697,000	          115,145	  14	    8	   9,771	  16,942	   309	              0	         12,000	         21,000	         34,000	        704,000

             Q_WC_04	    3	      1,000,000	    7,490,751,000	          133,498	  14	    7	   8,497	  15,101	    92	              0	         11,000	         20,000	         33,000	        695,000

             Q_WC_04	    4	      1,000,000	    8,893,068,000	          112,447	  14	    8	   9,573	  17,608	    67	              0	         13,000	         21,000	         30,000	        675,000

             Q_WC_04	    5	      1,000,000	    8,731,830,000	          114,524	  14	    7	   9,438	  17,300	     0	              0	         13,000	         21,000	         34,000	        688,000

             Q_WC_04	    6	      1,000,000	    8,780,405,000	          113,890	  14	    8	   9,509	  17,372	     0	              0	         13,000	         21,000	         32,000	        711,000

             Q_WC_04	    7	      1,000,000	    8,061,876,000	          124,041	  14	    8	   8,923	  15,986	     7	              0	         11,000	         20,000	         30,000	        687,000

             Q_WC_04	    8	      1,000,000	    8,176,282,000	          122,305	  14	    8	   8,969	  16,344	     0	              0	         12,000	         21,000	         32,000	        697,000

             Q_WC_04	    9	      1,000,000	    8,606,500,000	          116,191	  14	    8	   9,462	  17,104	     0	              0	         13,000	         21,000	         33,000	        750,000

             Q_WC_04	   10	      1,000,000	    8,801,188,000	          113,621	  14	    9	   9,614	  17,474	    26	              0	         13,000	         23,000	         40,000	      1,085,000

COMMAND LINE: [-XX:+UseConcMarkSweepGC, -Xmx8G]
Conf: {Q.type=disruptor-latest, Q.disruptor.lite-blocking=true, Q.batch-size=100, Q.disruptor.timeout=0}

           Test Name	  Num	     Iterations	          Time ns	       Throughput	  GC	GC ms	  USR ms	  SYS ms	JIT ms	    min latency	   latency 50th	   latency 90th	   latency 99th	    max latency
             Q_WC_04	    1	      1,000,000	    1,358,057,000	          736,346	  13	    8	   2,644	     619	   480	          4,000	         33,000	         69,000	        378,000	      2,285,000

             Q_WC_04	    2	      1,000,000	    1,276,345,000	          783,487	  13	    8	   2,388	     554	   348	          4,000	         32,000	         69,000	        170,000	      1,077,000

             Q_WC_04	    3	      1,000,000	    1,195,026,000	          836,802	  13	    7	   2,006	     531	   181	          3,000	         30,000	         53,000	         78,000	        794,000

             Q_WC_04	    4	      1,000,000	    1,216,815,000	          821,818	  13	    7	   2,002	     524	    27	          6,000	         31,000	         55,000	         81,000	        747,000

             Q_WC_04	    5	      1,000,000	    1,246,474,000	          802,263	  13	    8	   2,049	     539	     0	          3,000	         32,000	         56,000	         82,000	        904,000

             Q_WC_04	    6	      1,000,000	    1,270,450,000	          787,123	  13	    8	   2,083	     567	     0	          4,000	         31,000	         57,000	         84,000	      1,152,000

             Q_WC_04	    7	      1,000,000	    1,325,485,000	          754,441	  13	    9	   2,141	     570	     2	          4,000	         33,000	         60,000	         94,000	        863,000

             Q_WC_04	    8	      1,000,000	    1,326,199,000	          754,035	  13	    8	   2,209	     573	    25	          3,000	         34,000	         60,000	         89,000	        417,000

             Q_WC_04	    9	      1,000,000	    1,221,820,000	          818,451	  13	    7	   2,005	     526	     0	          3,000	         31,000	         55,000	         82,000	        760,000

             Q_WC_04	   10	      1,000,000	    1,220,300,000	          819,471	  13	    9	   1,982	     523	    26	          4,000	         31,000	         55,000	         81,000	        911,000

COMMAND LINE: [-XX:+UseConcMarkSweepGC, -Xmx8G]
Conf: {Q.type=disruptor-latest, Q.disruptor.lite-blocking=true, Q.batch-size=250, Q.disruptor.timeout=0}

           Test Name	  Num	     Iterations	          Time ns	       Throughput	  GC	GC ms	  USR ms	  SYS ms	JIT ms	    min latency	   latency 50th	   latency 90th	   latency 99th	    max latency
             Q_WC_04	    1	      1,000,000	    1,203,528,000	          830,891	  13	    8	   2,392	     351	   421	          5,000	         68,000	        149,000	        762,000	      2,064,000

             Q_WC_04	    2	      1,000,000	    1,114,111,000	          897,577	  13	    7	   2,137	     295	   302	          7,000	         64,000	        135,000	        473,000	      1,929,000

             Q_WC_04	    3	      1,000,000	    1,052,185,000	          950,403	  13	    8	   1,813	     280	   152	          7,000	         61,000	        111,000	        164,000	        836,000

             Q_WC_04	    4	      1,000,000	    1,058,232,000	          944,972	  13	    8	   1,805	     277	    27	          7,000	         62,000	        112,000	        171,000	        896,000

             Q_WC_04	    5	      1,000,000	    1,048,572,000	          953,678	  13	    8	   1,793	     276	     0	          6,000	         61,000	        111,000	        163,000	        888,000

             Q_WC_04	    6	      1,000,000	    1,051,615,000	          950,918	  13	    8	   1,800	     281	     0	          6,000	         61,000	        111,000	        168,000	        962,000

             Q_WC_04	    7	      1,000,000	    1,051,153,000	          951,336	  13	    8	   1,802	     279	     0	          6,000	         61,000	        109,000	        161,000	        481,000

             Q_WC_04	    8	      1,000,000	    1,049,118,000	          953,182	  13	    8	   1,799	     278	     2	          5,000	         61,000	        110,000	        162,000	        358,000

             Q_WC_04	    9	      1,000,000	    1,048,078,000	          954,127	  13	    8	   1,791	     279	     0	          1,000	         61,000	        110,000	        165,000	        838,000

             Q_WC_04	   10	      1,000,000	    1,048,419,000	          953,817	  13	    8	   1,794	     276	    30	          5,000	         61,000	        111,000	        164,000	        799,000

COMMAND LINE: [-XX:+UseConcMarkSweepGC, -Xmx8G]
Conf: {Q.type=disruptor-latest, Q.disruptor.lite-blocking=true, Q.batch-size=500, Q.disruptor.timeout=0}

           Test Name	  Num	     Iterations	          Time ns	       Throughput	  GC	GC ms	  USR ms	  SYS ms	JIT ms	    min latency	   latency 50th	   latency 90th	   latency 99th	    max latency
             Q_WC_04	    1	      1,000,000	    1,172,968,000	          852,538	  13	    9	   2,330	     262	   433	          7,000	        121,000	        273,000	      1,016,000	      2,076,000

             Q_WC_04	    2	      1,000,000	    1,057,908,000	          945,262	  13	    9	   1,968	     205	   233	         14,000	        118,000	        249,000	        742,000	      1,462,000

             Q_WC_04	    3	      1,000,000	    1,013,244,000	          986,929	  13	    8	   1,744	     194	   122	          9,000	        111,000	        204,000	        303,000	      1,158,000

             Q_WC_04	    4	      1,000,000	    1,009,625,000	          990,467	  13	    8	   1,768	     195	    66	          5,000	        111,000	        207,000	        314,000	      1,046,000

             Q_WC_04	    5	      1,000,000	    1,014,693,000	          985,520	  13	    8	   1,752	     193	    69	         12,000	        111,000	        206,000	        311,000	      1,032,000

             Q_WC_04	    6	      1,000,000	    1,019,408,000	          980,961	  13	    9	   1,728	     193	     0	          6,000	        112,000	        206,000	        316,000	      1,188,000

             Q_WC_04	    7	      1,000,000	    1,009,751,000	          990,343	  13	    9	   1,719	     191	     0	          7,000	        111,000	        206,000	        308,000	      1,063,000

             Q_WC_04	    8	      1,000,000	    1,005,243,000	          994,784	  13	    8	   1,708	     191	     2	          9,000	        110,000	        204,000	        309,000	        999,000

             Q_WC_04	    9	      1,000,000	      998,494,000	        1,001,508	  13	    8	   1,695	     189	     0	          7,000	        109,000	        202,000	        305,000	      1,210,000

             Q_WC_04	   10	      1,000,000	    1,001,421,000	          998,581	  13	    9	   1,696	     189	    26	         11,000	        110,000	        204,000	        303,000	      1,058,000

COMMAND LINE: [-XX:+UseConcMarkSweepGC, -Xmx8G]
Conf: {Q.batch-size=100}

           Test Name	  Num	     Iterations	          Time ns	       Throughput	  GC	GC ms	  USR ms	  SYS ms	JIT ms	    min latency	   latency 50th	   latency 90th	   latency 99th	    max latency
             Q_WC_04	    1	      1,000,000	    1,448,575,000	          690,334	  13	    8	   2,658	     692	   504	              0	         35,000	         74,000	        354,000	      3,182,000

             Q_WC_04	    2	      1,000,000	    1,356,068,000	          737,426	  13	    8	   2,400	     625	   287	          3,000	         35,000	         69,000	        199,000	      1,242,000

             Q_WC_04	    3	      1,000,000	    1,298,766,000	          769,962	  13	    7	   2,066	     610	   123	          3,000	         33,000	         58,000	         86,000	        738,000

             Q_WC_04	    4	      1,000,000	    1,300,583,000	          768,886	  13	    7	   2,056	     608	    33	          4,000	         33,000	         58,000	         85,000	        942,000

             Q_WC_04	    5	      1,000,000	    1,323,269,000	          755,704	  13	    8	   2,086	     618	     0	          4,000	         33,000	         60,000	         91,000	        890,000

             Q_WC_04	    6	      1,000,000	    1,310,671,000	          762,968	  13	    8	   2,080	     615	     4	          5,000	         33,000	         59,000	         91,000	        827,000

             Q_WC_04	    7	      1,000,000	    1,299,940,000	          769,266	  13	    7	   2,060	     609	     1	          6,000	         33,000	         60,000	         90,000	        847,000

             Q_WC_04	    8	      1,000,000	    1,293,605,000	          773,033	  13	    8	   2,045	     602	     1	          5,000	         33,000	         58,000	         85,000	        773,000

             Q_WC_04	    9	      1,000,000	    1,313,251,000	          761,469	  13	    8	   2,056	     614	     0	          4,000	         33,000	         60,000	         90,000	        936,000

             Q_WC_04	   10	      1,000,000	    1,302,552,000	          767,724	  13	    8	   2,059	     603	    14	          4,000	         33,000	         58,000	         85,000	        758,000

COMMAND LINE: [-XX:+UseConcMarkSweepGC, -Xmx8G]
Conf: {Q.batch-size=250}

           Test Name	  Num	     Iterations	          Time ns	       Throughput	  GC	GC ms	  USR ms	  SYS ms	JIT ms	    min latency	   latency 50th	   latency 90th	   latency 99th	    max latency
             Q_WC_04	    1	      1,000,000	    1,308,967,000	          763,961	  13	    8	   2,526	     385	   507	          5,000	         73,000	        158,000	        768,000	      3,157,000

             Q_WC_04	    2	      1,000,000	    1,225,335,000	          816,103	  13	    8	   2,309	     325	   336	          6,000	         71,000	        150,000	        421,000	      1,674,000

             Q_WC_04	    3	      1,000,000	    1,157,264,000	          864,107	  13	    9	   1,899	     305	   117	          6,000	         66,000	        121,000	        179,000	        952,000

             Q_WC_04	    4	      1,000,000	    1,141,897,000	          875,736	  13	    7	   1,892	     308	    30	          6,000	         65,000	        118,000	        174,000	        376,000

             Q_WC_04	    5	      1,000,000	    1,149,713,000	          869,782	  13	    7	   1,900	     307	     0	          8,000	         66,000	        120,000	        177,000	        804,000

             Q_WC_04	    6	      1,000,000	    1,160,043,000	          862,037	  13	    8	   1,921	     310	     1	          9,000	         66,000	        120,000	        180,000	        905,000

             Q_WC_04	    7	      1,000,000	    1,155,272,000	          865,597	  13	    8	   1,909	     310	     2	          6,000	         66,000	        121,000	        180,000	        370,000

             Q_WC_04	    8	      1,000,000	    1,152,402,000	          867,753	  13	    7	   1,895	     306	     0	          5,000	         66,000	        120,000	        179,000	        503,000

             Q_WC_04	    9	      1,000,000	    1,155,060,000	          865,756	  13	    8	   1,902	     309	     2	          6,000	         66,000	        121,000	        180,000	        442,000

             Q_WC_04	   10	      1,000,000	    1,159,644,000	          862,334	  13	    8	   1,911	     309	     0	          8,000	         67,000	        120,000	        176,000	        486,000

COMMAND LINE: [-XX:+UseConcMarkSweepGC, -Xmx8G]
Conf: {Q.batch-size=500}

           Test Name	  Num	     Iterations	          Time ns	       Throughput	  GC	GC ms	  USR ms	  SYS ms	JIT ms	    min latency	   latency 50th	   latency 90th	   latency 99th	    max latency
             Q_WC_04	    1	      1,000,000	    1,276,493,000	          783,396	  13	    9	   2,408	     275	   482	         10,000	        132,000	        295,000	      1,010,000	      6,041,000

             Q_WC_04	    2	      1,000,000	    1,174,037,000	          851,762	  13	    8	   2,092	     217	   222	         10,000	        129,000	        271,000	        826,000	      1,653,000

             Q_WC_04	    3	      1,000,000	    1,113,506,000	          898,064	  13	    9	   1,859	     209	   111	          8,000	        121,000	        227,000	        339,000	        880,000

             Q_WC_04	    4	      1,000,000	    1,125,421,000	          888,556	  13	    8	   1,839	     212	    30	         12,000	        122,000	        226,000	        337,000	        864,000

             Q_WC_04	    5	      1,000,000	    1,142,560,000	          875,228	  13	    9	   1,910	     220	    34	         10,000	        123,000	        232,000	        352,000	      1,271,000

             Q_WC_04	    6	      1,000,000	    1,122,766,000	          890,658	  13	    8	   1,831	     209	     3	          8,000	        122,000	        227,000	        342,000	        846,000

             Q_WC_04	    7	      1,000,000	    1,118,108,000	          894,368	  13	    8	   1,819	     207	     1	          9,000	        120,000	        224,000	        337,000	      1,156,000

             Q_WC_04	    8	      1,000,000	    1,124,148,000	          889,563	  13	    8	   1,825	     209	     1	         10,000	        122,000	        226,000	        338,000	        935,000

             Q_WC_04	    9	      1,000,000	    1,121,689,000	          891,513	  13	    9	   1,825	     208	     3	          7,000	        122,000	        230,000	        355,000	      1,210,000

             Q_WC_04	   10	      1,000,000	    1,119,432,000	          893,310	  13	    9	   1,816	     205	     0	          9,000	        121,000	        225,000	        342,000	      1,160,000

